[["0000be6c11efd78d4d4793014f7ad57f_1", "0000be6c11efd78d4d4793014f7ad57f_2", "0000be6c11efd78d4d4793014f7ad57f_3", "000ba76c798e665f450903a8a4c34239_1", "000ba76c798e665f450903a8a4c34239_2", "000ba76c798e665f450903a8a4c34239_3", "000beeb37ce0f25484c7de0595235423_1", "000beeb37ce0f25484c7de0595235423_2", "000beeb37ce0f25484c7de0595235423_3", "000f217f6d644f5d192aab99bfccc6dc_1", "000f217f6d644f5d192aab99bfccc6dc_2", "000f217f6d644f5d192aab99bfccc6dc_3", "0010289823d6018304e0b201385d98b2_1", "0010289823d6018304e0b201385d98b2_2", "0010289823d6018304e0b201385d98b2_3", "00113d4ae811136c961c451fe294b970_1", "00113d4ae811136c961c451fe294b970_2", "00113d4ae811136c961c451fe294b970_3", "001744c7db139808834dd56713a72f6b_1", "001744c7db139808834dd56713a72f6b_2", "001744c7db139808834dd56713a72f6b_3", "0017b35900a6ce491b1c20b052b79b65_1", "0017b35900a6ce491b1c20b052b79b65_2", "0017b35900a6ce491b1c20b052b79b65_3", "0019bac882ade98e24edf9002d31686a_1", "0019bac882ade98e24edf9002d31686a_2", "0019bac882ade98e24edf9002d31686a_3", "001a251388caddb66e87721be13bc0e7_1", "001a251388caddb66e87721be13bc0e7_2", "001a251388caddb66e87721be13bc0e7_3", "001bf2abfb1cf73696c4333b00b10241_1", "001bf2abfb1cf73696c4333b00b10241_2", "001bf2abfb1cf73696c4333b00b10241_3", "001ed2e64cd44b652f54453bc2728f99_1", "001ed2e64cd44b652f54453bc2728f99_2", "001ed2e64cd44b652f54453bc2728f99_3", "001f3ccf003d7628bc1bb9d2417f1e6d_1", "001f3ccf003d7628bc1bb9d2417f1e6d_2", "001f3ccf003d7628bc1bb9d2417f1e6d_3", "00211e4cae86b4d1f77b6bea30532402_1", "00211e4cae86b4d1f77b6bea30532402_2", "00211e4cae86b4d1f77b6bea30532402_3", "0021689c86ba4e5f24f571eed46a5f55_1", "0021689c86ba4e5f24f571eed46a5f55_2", "0021689c86ba4e5f24f571eed46a5f55_3", "0022366cb27a54dce7ad596dab2b4d4e_1", "0022366cb27a54dce7ad596dab2b4d4e_2", "0022366cb27a54dce7ad596dab2b4d4e_3", "00275487634f1092ca4fc580376b14cb_1", "00275487634f1092ca4fc580376b14cb_2", "00275487634f1092ca4fc580376b14cb_3", "0028433729af7711fa8983d0154eab60_1", "0028433729af7711fa8983d0154eab60_2", "0028433729af7711fa8983d0154eab60_3", "002a87310f97bad4883a8367a1307269_1", "002a87310f97bad4883a8367a1307269_2", "002a87310f97bad4883a8367a1307269_3", "002c2d79b307d94cbea3bdefcf7b336c_1", "002c2d79b307d94cbea3bdefcf7b336c_2", "002c2d79b307d94cbea3bdefcf7b336c_3", "002e849c723e2511484e57c0920d3e0c_1", "002e849c723e2511484e57c0920d3e0c_2", "002e849c723e2511484e57c0920d3e0c_3", "0035172e876009c6ec94cd26f094f20d_1", "0035172e876009c6ec94cd26f094f20d_2", "0035172e876009c6ec94cd26f094f20d_3", "00371756522e77c4d1cf694769f587b8_1", "00371756522e77c4d1cf694769f587b8_2", "00371756522e77c4d1cf694769f587b8_3", "003ad4b94a6933b768c8b401ee9949ac_1", "003ad4b94a6933b768c8b401ee9949ac_2", "003ad4b94a6933b768c8b401ee9949ac_3", "004125ade759ebb2fe9e046599663969_1", "004125ade759ebb2fe9e046599663969_2", "004125ade759ebb2fe9e046599663969_3", "0043727698dfea43c9738f789d51eb79_1", "0043727698dfea43c9738f789d51eb79_2", "0044b2df997bb0fb028af3c9d865d222_1", "0044b2df997bb0fb028af3c9d865d222_2", "0044b2df997bb0fb028af3c9d865d222_3", "0044dd42f3dcbbca1d918f059cbd4174_1", "0044dd42f3dcbbca1d918f059cbd4174_2", "0044dd42f3dcbbca1d918f059cbd4174_3", "004836108a8378fb63b7f8a6db24e789_1", "004836108a8378fb63b7f8a6db24e789_2", "004836108a8378fb63b7f8a6db24e789_3", "004884b3731249edf7aa0064d617085d_1", "004884b3731249edf7aa0064d617085d_2", "004884b3731249edf7aa0064d617085d_3", "00491d7fe75b68d1be790865ebf45d06_1", "00491d7fe75b68d1be790865ebf45d06_2", "00491d7fe75b68d1be790865ebf45d06_3", "004a5b071bad994bbedbb3781ac3d1b5_1", "004a5b071bad994bbedbb3781ac3d1b5_2", "004a5b071bad994bbedbb3781ac3d1b5_3", "004ad44e7726e92f6e29e53f8079e487_1", "004ad44e7726e92f6e29e53f8079e487_2", "004ad44e7726e92f6e29e53f8079e487_3", "004e5b16bf41b5d536e760b11dca3719_1", "004e5b16bf41b5d536e760b11dca3719_2"], ["0.0", "0.03882", "0.13472", "0.23912", "0.09532", "0.09427", "0.41833", "0.41308", "0.4165", "0.37977", "0.38309", "0.38648", "0.35448", "0.38011", "0.37135", "0.3617", "0.3703", "0.38689", "0.05054", "0.11761", "0.11591", "0.36629", "0.3925", "0.36553", "0.33459", "0.37174", "0.33681", "0.14988", "0.09651", "0.12481", "0.3911", "0.36703", "0.3836", "0.19085", "0.08429", "0.23014", "0.22253", "0.29404", "0.2678", "0.08039", "0.09522", "0.12021", "0.36611", "0.36478", "0.36721", "0.21028", "0.09989", "0.08816", "0.39317", "0.40202", "0.39457", "0.13747", "0.19904", "0.11213", "0.40504", "0.39476", "0.37702", "0.36232", "0.3407", "0.36483", "0.09036", "0.08942", "0.10278", "0.43038", "0.46851", "0.41522", "0.37509", "0.38687", "0.38127", "0.37881", "0.37563", "0.33888", "0.10389", "0.119", "0.12522", "0.23834", "0.26078", "0.19343", "0.18813", "0.16492", "0.11617", "0.10607", "0.10338", "0.41199", "0.40079", "0.39405", "0.39757", "0.41424", "0.40697", "0.36856", "0.40536", "0.34798", "0.09146", "0.07821", "0.1082", "0.12881", "0.0563", "0.2108", "0.39842", "0.40659"], ["0.03882", "0.0", "0.11018", "0.21053", "0.0808", "0.10508", "0.45646", "0.44682", "0.44626", "0.41796", "0.42139", "0.42452", "0.37844", "0.39024", "0.3863", "0.38576", "0.40092", "0.42532", "0.06184", "0.10975", "0.12054", "0.37877", "0.43081", "0.37426", "0.35962", "0.39896", "0.37228", "0.13614", "0.08549", "0.1105", "0.4298", "0.39732", "0.38975", "0.1673", "0.09812", "0.20962", "0.20016", "0.2772", "0.25013", "0.07458", "0.09247", "0.10924", "0.3892", "0.40172", "0.40578", "0.20095", "0.10094", "0.08933", "0.42591", "0.43742", "0.42929", "0.11966", "0.17958", "0.10247", "0.43844", "0.43319", "0.38284", "0.37077", "0.3743", "0.39014", "0.10557", "0.10201", "0.11251", "0.46687", "0.50514", "0.44685", "0.40834", "0.42487", "0.39278", "0.39724", "0.38315", "0.3638", "0.09703", "0.10721", "0.11534", "0.21783", "0.2416", "0.17777", "0.17324", "0.1516", "0.09921", "0.09093", "0.08846", "0.42865", "0.43895", "0.43112", "0.42639", "0.44523", "0.43263", "0.37926", "0.43179", "0.36833", "0.08467", "0.07101", "0.0853", "0.10566", "0.0382", "0.19337", "0.39973", "0.4368"], ["0.13472", "0.11018", "0.0", "0.10544", "0.0875", "0.12732", "0.51159", "0.49591", "0.46636", "0.47658", "0.4791", "0.48392", "0.38345", "0.40946", "0.40587", "0.39814", "0.41568", "0.46152", "0.15172", "0.0749", "0.10988", "0.39342", "0.45703", "0.38598", "0.35574", "0.42249", "0.44461", "0.07362", "0.05991", "0.06341", "0.50212", "0.41512", "0.4083", "0.05713", "0.06806", "0.10009", "0.09002", "0.16957", "0.14214", "0.08072", "0.08171", "0.05326", "0.39872", "0.41576", "0.43922", "0.10871", "0.10076", "0.09834", "0.45125", "0.47461", "0.45639", "0.0615", "0.07143", "0.06236", "0.45771", "0.47514", "0.40144", "0.38686", "0.39062", "0.40695", "0.11591", "0.11916", "0.10479", "0.51201", "0.58001", "0.49089", "0.42775", "0.46099", "0.41262", "0.40936", "0.40078", "0.36007", "0.05978", "0.05624", "0.05752", "0.10823", "0.13257", "0.07528", "0.07269", "0.05862", "0.05397", "0.0517", "0.04632", "0.44846", "0.47792", "0.46828", "0.45449", "0.49152", "0.43855", "0.39496", "0.45097", "0.37724", "0.10193", "0.13596", "0.08251", "0.03761", "0.07865", "0.0871", "0.41918", "0.47128"], ["0.23912", "0.21053", "0.10544", "0.0", "0.1438", "0.22597", "0.5096", "0.53157", "0.46212", "0.50413", "0.47852", "0.48933", "0.36813", "0.4082", "0.40197", "0.39093", "0.40911", "0.45819", "0.25697", "0.14857", "0.14962", "0.38725", "0.45539", "0.3807", "0.34194", "0.45237", "0.51947", "0.11686", "0.15468", "0.12976", "0.52843", "0.41014", "0.40383", "0.07779", "0.17191", "0.07594", "0.05948", "0.11315", "0.09177", "0.16543", "0.16987", "0.13994", "0.39087", "0.40883", "0.43454", "0.12538", "0.19486", "0.19922", "0.44777", "0.47941", "0.45431", "0.11336", "0.09842", "0.14737", "0.45621", "0.47375", "0.39714", "0.38243", "0.38535", "0.39948", "0.21349", "0.2181", "0.19871", "0.51576", "0.63718", "0.54313", "0.42575", "0.46016", "0.40873", "0.402", "0.39598", "0.34999", "0.15756", "0.13884", "0.13986", "0.07645", "0.07816", "0.09235", "0.09735", "0.11134", "0.1312", "0.14174", "0.1441", "0.44404", "0.47586", "0.46454", "0.44645", "0.52598", "0.4276", "0.38929", "0.4498", "0.3695", "0.16934", "0.24075", "0.13189", "0.11225", "0.18283", "0.08001", "0.41711", "0.4911"], ["0.09532", "0.0808", "0.0875", "0.1438", "0.0", "0.08681", "0.48343", "0.46599", "0.43063", "0.4509", "0.45577", "0.45724", "0.32174", "0.38735", "0.3738", "0.35515", "0.37462", "0.42888", "0.11384", "0.08413", "0.08643", "0.35471", "0.43157", "0.34852", "0.30711", "0.40922", "0.41497", "0.11394", "0.10842", "0.1112", "0.47164", "0.37913", "0.37428", "0.09786", "0.08664", "0.1403", "0.13067", "0.20874", "0.18146", "0.12718", "0.12746", "0.09895", "0.35147", "0.37353", "0.40314", "0.13904", "0.14478", "0.12806", "0.41852", "0.45463", "0.42801", "0.1095", "0.11067", "0.10229", "0.43284", "0.45038", "0.36829", "0.37154", "0.35497", "0.36166", "0.14512", "0.14352", "0.13743", "0.48853", "0.54982", "0.46872", "0.40133", "0.43925", "0.38025", "0.36468", "0.36608", "0.31103", "0.11083", "0.10396", "0.10906", "0.14849", "0.17249", "0.11096", "0.10712", "0.09061", "0.07735", "0.10392", "0.09175", "0.41285", "0.44975", "0.43406", "0.40433", "0.46655", "0.38086", "0.35779", "0.42777", "0.33564", "0.12206", "0.11021", "0.11839", "0.08015", "0.08772", "0.12523", "0.3925", "0.45043"], ["0.09427", "0.10508", "0.12732", "0.22597", "0.08681", "0.0", "0.42746", "0.43424", "0.38769", "0.4182", "0.40442", "0.41619", "0.30036", "0.3338", "0.32767", "0.34813", "0.3258", "0.37247", "0.09398", "0.12776", "0.14311", "0.33272", "0.3769", "0.34823", "0.30217", "0.38013", "0.36835", "0.15432", "0.1036", "0.12869", "0.42817", "0.33739", "0.31841", "0.18435", "0.08826", "0.2271", "0.21734", "0.29505", "0.26792", "0.12131", "0.11143", "0.1274", "0.32832", "0.33491", "0.34719", "0.21913", "0.13605", "0.1288", "0.36223", "0.4001", "0.3725", "0.13767", "0.19727", "0.12056", "0.37833", "0.39572", "0.32687", "0.34602", "0.31771", "0.32859", "0.13", "0.12813", "0.1426", "0.43221", "0.50473", "0.45187", "0.34673", "0.38548", "0.33599", "0.32131", "0.31745", "0.30486", "0.11491", "0.12539", "0.13347", "0.23529", "0.25923", "0.19583", "0.19134", "0.16978", "0.11733", "0.10912", "0.10665", "0.38183", "0.40138", "0.37892", "0.36614", "0.44911", "0.36507", "0.31563", "0.37384", "0.3182", "0.13966", "0.13071", "0.11744", "0.12311", "0.09652", "0.21127", "0.33794", "0.41814"], ["0.41833", "0.45646", "0.51159", "0.5096", "0.48343", "0.42746", "0.0", "0.07216", "0.05624", "0.06609", "0.06344", "0.06398", "0.17421", "0.10275", "0.1097", "0.13077", "0.11148", "0.08464", "0.39962", "0.46044", "0.45957", "0.12928", "0.07574", "0.14163", "0.2927", "0.10789", "0.10518", "0.48666", "0.45993", "0.48026", "0.07542", "0.10472", "0.10917", "0.53391", "0.46446", "0.54041", "0.51653", "0.54253", "0.52769", "0.45504", "0.44162", "0.46953", "0.13724", "0.11335", "0.08166", "0.4631", "0.41649", "0.41393", "0.06531", "0.068", "0.05687", "0.49647", "0.5115", "0.46295", "0.09216", "0.07938", "0.11515", "0.12951", "0.12849", "0.12652", "0.39659", "0.39301", "0.40992", "0.04092", "0.18453", "0.06202", "0.08387", "0.07754", "0.10319", "0.12332", "0.11737", "0.17697", "0.45335", "0.47109", "0.46878", "0.55132", "0.56945", "0.525", "0.51875", "0.49874", "0.46575", "0.47285", "0.47108", "0.07224", "0.09408", "0.07032", "0.10353", "0.03727", "0.13317", "0.1259", "0.07678", "0.15347", "0.449", "0.41333", "0.49022", "0.49058", "0.45557", "0.52423", "0.09253", "0.0691"], ["0.41308", "0.44682", "0.49591", "0.53157", "0.46599", "0.43424", "0.07216", "0.0", "0.09004", "0.12233", "0.11014", "0.11182", "0.17107", "0.14414", "0.13514", "0.14066", "0.12279", "0.08554", "0.39317", "0.44986", "0.44862", "0.14507", "0.10446", "0.1529", "0.29195", "0.13012", "0.12302", "0.48459", "0.44394", "0.46766", "0.13416", "0.12438", "0.13179", "0.54097", "0.44344", "0.55975", "0.53974", "0.56797", "0.56074", "0.43636", "0.42747", "0.45789", "0.14159", "0.12276", "0.10148", "0.49258", "0.40277", "0.39831", "0.09539", "0.09072", "0.09907", "0.48399", "0.53604", "0.45012", "0.10587", "0.09742", "0.13872", "0.15279", "0.14828", "0.13237", "0.38527", "0.38001", "0.40175", "0.06619", "0.23909", "0.12561", "0.12201", "0.11417", "0.12868", "0.12972", "0.1387", "0.18371", "0.43982", "0.45872", "0.45891", "0.57442", "0.58553", "0.52283", "0.5165", "0.49465", "0.46713", "0.45706", "0.45498", "0.10382", "0.14265", "0.11837", "0.08808", "0.10286", "0.11436", "0.14371", "0.11496", "0.16255", "0.43106", "0.40961", "0.47191", "0.48843", "0.43595", "0.54193", "0.12818", "0.11231"], ["0.4165", "0.44626", "0.46636", "0.46212", "0.43063", "0.38769", "0.05624", "0.09004", "0.0", "0.08695", "0.07392", "0.08157", "0.11805", "0.07982", "0.08156", "0.08495", "0.12731", "0.11057", "0.41282", "0.43064", "0.42976", "0.10412", "0.08799", "0.0986", "0.23739", "0.09334", "0.11674", "0.43677", "0.42995", "0.43415", "0.1109", "0.09854", "0.09582", "0.4856", "0.4377", "0.49186", "0.46907", "0.49701", "0.48501", "0.42508", "0.41169", "0.43476", "0.11643", "0.10901", "0.093", "0.41965", "0.38655", "0.38025", "0.08758", "0.0914", "0.08105", "0.45501", "0.46545", "0.43308", "0.10533", "0.08937", "0.10508", "0.09906", "0.09328", "0.11546", "0.36669", "0.36306", "0.38014", "0.05953", "0.23664", "0.11378", "0.10269", "0.09271", "0.10018", "0.13157", "0.10182", "0.12331", "0.42103", "0.44125", "0.43902", "0.50684", "0.51969", "0.48068", "0.48544", "0.46899", "0.41942", "0.43153", "0.43417", "0.05833", "0.0894", "0.06773", "0.07212", "0.08762", "0.07971", "0.11206", "0.09402", "0.11378", "0.41895", "0.41483", "0.46018", "0.43938", "0.43617", "0.47941", "0.1036", "0.09691"], ["0.37977", "0.41796", "0.47658", "0.50413", "0.4509", "0.4182", "0.06609", "0.12233", "0.08695", "0.0", "0.03151", "0.0198", "0.19478", "0.09997", "0.11958", "0.14803", "0.13108", "0.08036", "0.35712", "0.42595", "0.42498", "0.14275", "0.06223", "0.15645", "0.30548", "0.0946", "0.09016", "0.45822", "0.42432", "0.44543", "0.03929", "0.12004", "0.12134", "0.51666", "0.4285", "0.53742", "0.50938", "0.53197", "0.51432", "0.41919", "0.40617", "0.43485", "0.15712", "0.13381", "0.10306", "0.45293", "0.381", "0.37829", "0.08666", "0.04694", "0.07186", "0.46176", "0.50217", "0.42795", "0.06", "0.04638", "0.12537", "0.1374", "0.13919", "0.14699", "0.36143", "0.3575", "0.37561", "0.06246", "0.1535", "0.08595", "0.08975", "0.0495", "0.1145", "0.14394", "0.12887", "0.19105", "0.41813", "0.43625", "0.43452", "0.54082", "0.558", "0.49326", "0.48696", "0.46632", "0.44669", "0.43728", "0.43548", "0.09604", "0.10067", "0.08157", "0.13884", "0.07746", "0.16608", "0.13847", "0.06159", "0.16854", "0.4132", "0.37477", "0.45443", "0.46901", "0.4192", "0.51206", "0.09802", "0.05632"], ["0.38309", "0.42139", "0.4791", "0.47852", "0.45577", "0.40442", "0.06344", "0.11014", "0.07392", "0.03151", "0.0", "0.02824", "0.16328", "0.07117", "0.08845", "0.11654", "0.09961", "0.05084", "0.36294", "0.43587", "0.43478", "0.11144", "0.03075", "0.12509", "0.27472", "0.10566", "0.08887", "0.45706", "0.43192", "0.45085", "0.05812", "0.08855", "0.09001", "0.50255", "0.43283", "0.51049", "0.48426", "0.50849", "0.49212", "0.42497", "0.4149", "0.44444", "0.12562", "0.10237", "0.07195", "0.42843", "0.3897", "0.38606", "0.05595", "0.03244", "0.04094", "0.47113", "0.47799", "0.43712", "0.0367", "0.03873", "0.09425", "0.10672", "0.10813", "0.11551", "0.3709", "0.36632", "0.38619", "0.06054", "0.18501", "0.0987", "0.05872", "0.04045", "0.08319", "0.11248", "0.09765", "0.15986", "0.42705", "0.4456", "0.44469", "0.51645", "0.53942", "0.49524", "0.49653", "0.47808", "0.43343", "0.44216", "0.44301", "0.07355", "0.11328", "0.0873", "0.11012", "0.07651", "0.13621", "0.10722", "0.03521", "0.13719", "0.41947", "0.37813", "0.46052", "0.46366", "0.42332", "0.4902", "0.06721", "0.0577"], ["0.38648", "0.42452", "0.48392", "0.48933", "0.45724", "0.41619", "0.06398", "0.11182", "0.08157", "0.0198", "0.02824", "0.0", "0.17511", "0.08267", "0.10047", "0.12844", "0.11133", "0.06094", "0.36387", "0.43365", "0.43268", "0.12344", "0.04252", "0.13708", "0.28672", "0.09192", "0.09215", "0.4659", "0.43163", "0.45313", "0.04619", "0.10046", "0.10202", "0.51339", "0.4345", "0.52167", "0.49483", "0.51866", "0.50189", "0.42578", "0.41388", "0.44255", "0.13742", "0.11404", "0.08327", "0.4389", "0.38865", "0.38558", "0.06692", "0.03219", "0.05208", "0.46946", "0.4883", "0.43565", "0.04036", "0.02868", "0.10628", "0.11871", "0.12015", "0.12724", "0.36913", "0.36514", "0.38331", "0.06294", "0.1732", "0.08184", "0.07073", "0.03079", "0.0952", "0.12419", "0.10967", "0.17188", "0.42583", "0.44395", "0.44221", "0.52641", "0.55039", "0.49952", "0.49329", "0.47352", "0.44411", "0.44466", "0.44277", "0.07634", "0.10719", "0.08398", "0.11983", "0.07984", "0.14665", "0.11923", "0.04271", "0.14918", "0.41997", "0.38145", "0.4612", "0.47515", "0.42518", "0.50038", "0.0792", "0.05428"], ["0.35448", "0.37844", "0.38345", "0.36813", "0.32174", "0.30036", "0.17421", "0.17107", "0.11805", "0.19478", "0.16328", "0.17511", "0.0", "0.10636", "0.07792", "0.09715", "0.09295", "0.11967", "0.35983", "0.38003", "0.38204", "0.0812", "0.13354", "0.10438", "0.12149", "0.14562", "0.20814", "0.35485", "0.34727", "0.34946", "0.22128", "0.09045", "0.09597", "0.3864", "0.34935", "0.39342", "0.38698", "0.40461", "0.41573", "0.34967", "0.35197", "0.34435", "0.10349", "0.1062", "0.10878", "0.3359", "0.31217", "0.3004", "0.11064", "0.15203", "0.12411", "0.36572", "0.37255", "0.37309", "0.13478", "0.14984", "0.10404", "0.10121", "0.07449", "0.0664", "0.32584", "0.32458", "0.33415", "0.17752", "0.34829", "0.22817", "0.10664", "0.14601", "0.08704", "0.09687", "0.06847", "0.06072", "0.33768", "0.3572", "0.35591", "0.41708", "0.41642", "0.39252", "0.40126", "0.38862", "0.33381", "0.34678", "0.34818", "0.10927", "0.14347", "0.1226", "0.11459", "0.20332", "0.08926", "0.09699", "0.1341", "0.08744", "0.38136", "0.3588", "0.38038", "0.36538", "0.37076", "0.39007", "0.09965", "0.17711"], ["0.38011", "0.39024", "0.40946", "0.4082", "0.38735", "0.3338", "0.10275", "0.14414", "0.07982", "0.09997", "0.07117", "0.08267", "0.10636", "0.0", "0.0514", "0.06668", "0.0548", "0.06666", "0.3601", "0.39606", "0.39524", "0.05212", "0.08642", "0.0652", "0.20699", "0.07118", "0.11511", "0.38625", "0.39188", "0.38065", "0.12639", "0.0462", "0.05019", "0.43228", "0.38546", "0.43948", "0.4145", "0.43991", "0.42496", "0.37908", "0.37452", "0.37998", "0.08262", "0.07743", "0.07298", "0.36035", "0.34928", "0.32115", "0.0618", "0.07171", "0.05635", "0.40521", "0.40901", "0.39472", "0.07852", "0.06862", "0.0602", "0.10238", "0.08015", "0.07151", "0.33326", "0.33033", "0.34554", "0.10948", "0.24984", "0.13814", "0.05434", "0.06035", "0.04071", "0.08564", "0.05904", "0.09586", "0.36597", "0.39266", "0.40426", "0.44859", "0.46876", "0.42545", "0.42749", "0.41368", "0.36354", "0.37357", "0.37833", "0.06736", "0.10292", "0.07242", "0.09187", "0.11833", "0.10457", "0.06853", "0.05816", "0.07633", "0.38762", "0.37779", "0.39994", "0.3925", "0.38008", "0.42162", "0.04596", "0.08459"], ["0.37135", "0.3863", "0.40587", "0.40197", "0.3738", "0.32767", "0.1097", "0.13514", "0.08156", "0.11958", "0.08845", "0.10047", "0.07792", "0.0514", "0.0", "0.08731", "0.08213", "0.08265", "0.37392", "0.3942", "0.39348", "0.06248", "0.09794", "0.06853", "0.18641", "0.0764", "0.13385", "0.37753", "0.38227", "0.3741", "0.14636", "0.05847", "0.05778", "0.42571", "0.37766", "0.432", "0.40893", "0.43657", "0.4256", "0.37136", "0.37351", "0.37431", "0.10602", "0.10071", "0.08873", "0.3592", "0.34075", "0.32083", "0.07942", "0.08176", "0.07322", "0.396", "0.40505", "0.39208", "0.08982", "0.07914", "0.06697", "0.1103", "0.06661", "0.05856", "0.33266", "0.33021", "0.34389", "0.11509", "0.27248", "0.1555", "0.06443", "0.07081", "0.05764", "0.11582", "0.07764", "0.07804", "0.36054", "0.3875", "0.3998", "0.44635", "0.46041", "0.42044", "0.42494", "0.41087", "0.35904", "0.37104", "0.37381", "0.07443", "0.09047", "0.07521", "0.08206", "0.13267", "0.07558", "0.08747", "0.0702", "0.0922", "0.38806", "0.36936", "0.40028", "0.38089", "0.37769", "0.41893", "0.08794", "0.10248"], ["0.3617", "0.38576", "0.39814", "0.39093", "0.35515", "0.34813", "0.13077", "0.14066", "0.08495", "0.14803", "0.11654", "0.12844", "0.09715", "0.06668", "0.08731", "0.0", "0.05791", "0.07551", "0.36663", "0.3993", "0.39852", "0.04861", "0.08597", "0.05046", "0.16193", "0.09868", "0.16162", "0.36369", "0.36959", "0.36639", "0.17462", "0.03791", "0.05418", "0.41329", "0.36591", "0.41946", "0.3991", "0.42735", "0.42476", "0.36272", "0.36747", "0.36543", "0.0347", "0.03073", "0.04911", "0.35271", "0.32686", "0.31457", "0.06573", "0.10638", "0.07821", "0.38297", "0.39539", "0.38563", "0.08808", "0.10365", "0.05631", "0.07807", "0.07866", "0.07081", "0.33644", "0.33334", "0.34882", "0.13493", "0.3015", "0.18216", "0.05968", "0.09907", "0.04274", "0.04987", "0.05033", "0.07464", "0.35299", "0.37732", "0.38544", "0.43822", "0.44607", "0.41069", "0.41853", "0.40413", "0.35001", "0.36374", "0.36446", "0.11597", "0.15491", "0.13101", "0.06196", "0.15789", "0.0756", "0.0578", "0.08712", "0.04342", "0.39038", "0.3616", "0.39505", "0.37466", "0.37896", "0.4107", "0.07562", "0.13044"], ["0.3703", "0.40092", "0.41568", "0.40911", "0.37462", "0.3258", "0.11148", "0.12279", "0.12731", "0.13108", "0.09961", "0.11133", "0.09295", "0.0548", "0.08213", "0.05791", "0.0", "0.05631", "0.34791", "0.40654", "0.40567", "0.03562", "0.06887", "0.04551", "0.18127", "0.10418", "0.1442", "0.38243", "0.38753", "0.38342", "0.15743", "0.03392", "0.05106", "0.43195", "0.38441", "0.43815", "0.4171", "0.4453", "0.44006", "0.38003", "0.38447", "0.38326", "0.03332", "0.02969", "0.039", "0.36986", "0.34575", "0.33111", "0.05104", "0.08801", "0.06006", "0.40139", "0.41343", "0.40235", "0.07115", "0.0858", "0.0513", "0.09986", "0.07196", "0.0649", "0.34275", "0.33923", "0.35601", "0.11551", "0.28452", "0.16412", "0.04578", "0.08302", "0.03389", "0.03497", "0.03527", "0.06587", "0.37016", "0.395", "0.40444", "0.45589", "0.46508", "0.42793", "0.43551", "0.42073", "0.36783", "0.38094", "0.38231", "0.11708", "0.15429", "0.12457", "0.08232", "0.1394", "0.10213", "0.04032", "0.07144", "0.05848", "0.39605", "0.36519", "0.41185", "0.39071", "0.39163", "0.42838", "0.05953", "0.11332"], ["0.38689", "0.42532", "0.46152", "0.45819", "0.42888", "0.37247", "0.08464", "0.08554", "0.11057", "0.08036", "0.05084", "0.06094", "0.11967", "0.06666", "0.08265", "0.07551", "0.05631", "0.0", "0.36404", "0.4312", "0.43034", "0.07426", "0.03564", "0.08639", "0.23744", "0.09234", "0.1126", "0.4337", "0.43091", "0.43037", "0.10523", "0.04976", "0.05496", "0.48198", "0.43391", "0.48827", "0.46516", "0.49252", "0.47924", "0.4262", "0.41251", "0.43024", "0.0823", "0.05831", "0.02918", "0.41456", "0.3874", "0.37518", "0.03361", "0.03395", "0.0337", "0.4521", "0.4611", "0.43377", "0.05033", "0.04402", "0.06131", "0.09167", "0.08015", "0.0716", "0.36746", "0.36394", "0.38068", "0.06018", "0.23179", "0.10955", "0.03839", "0.04692", "0.04953", "0.0684", "0.06303", "0.12171", "0.41633", "0.44189", "0.43952", "0.50207", "0.5166", "0.47662", "0.4806", "0.46665", "0.41511", "0.42668", "0.42991", "0.11117", "0.15013", "0.12601", "0.06074", "0.09562", "0.08573", "0.07109", "0.04304", "0.09821", "0.42011", "0.382", "0.45516", "0.43651", "0.42677", "0.47469", "0.05734", "0.06645"], ["0.05054", "0.06184", "0.15172", "0.25697", "0.11384", "0.09398", "0.39962", "0.39317", "0.41282", "0.35712", "0.36294", "0.36387", "0.35983", "0.3601", "0.37392", "0.36663", "0.34791", "0.36404", "0.0", "0.12719", "0.12551", "0.36166", "0.36973", "0.34261", "0.35001", "0.35465", "0.32572", "0.16139", "0.10871", "0.13734", "0.36872", "0.35948", "0.37413", "0.20657", "0.08606", "0.24394", "0.23735", "0.3054", "0.27978", "0.10125", "0.10334", "0.13126", "0.36751", "0.35646", "0.34609", "0.21832", "0.12778", "0.11695", "0.37394", "0.38185", "0.37406", "0.15131", "0.21262", "0.12287", "0.38236", "0.37279", "0.36932", "0.38484", "0.33717", "0.36115", "0.12525", "0.12986", "0.13454", "0.40871", "0.44977", "0.39718", "0.3525", "0.36428", "0.35878", "0.3578", "0.36644", "0.35964", "0.11362", "0.13051", "0.13553", "0.25206", "0.27361", "0.20512", "0.19949", "0.17589", "0.13024", "0.11971", "0.11704", "0.39501", "0.39124", "0.39491", "0.39226", "0.39948", "0.39597", "0.36309", "0.38264", "0.36306", "0.1168", "0.11074", "0.12514", "0.14531", "0.07508", "0.22318", "0.38617", "0.38434"], ["0.11761", "0.10975", "0.0749", "0.14857", "0.08413", "0.12776", "0.46044", "0.44986", "0.43064", "0.42595", "0.43587", "0.43365", "0.38003", "0.39606", "0.3942", "0.3993", "0.40654", "0.4312", "0.12719", "0.0", "0.11413", "0.40039", "0.44771", "0.39827", "0.35609", "0.36596", "0.39722", "0.09226", "0.09729", "0.10377", "0.4559", "0.40914", "0.42648", "0.09135", "0.0683", "0.12041", "0.1168", "0.17834", "0.15315", "0.11996", "0.11968", "0.08939", "0.40823", "0.41441", "0.42198", "0.11505", "0.14379", "0.12404", "0.41353", "0.42365", "0.41921", "0.10286", "0.08948", "0.10346", "0.45223", "0.44792", "0.42006", "0.40543", "0.37602", "0.3778", "0.13137", "0.13598", "0.14066", "0.45929", "0.53347", "0.44165", "0.41705", "0.42619", "0.41912", "0.40007", "0.39444", "0.36596", "0.09794", "0.09277", "0.0899", "0.1282", "0.14795", "0.0787", "0.07784", "0.07743", "0.08762", "0.09204", "0.09131", "0.4302", "0.44705", "0.42524", "0.42021", "0.44075", "0.4038", "0.4109", "0.4497", "0.38774", "0.13504", "0.12665", "0.12214", "0.0771", "0.0781", "0.09741", "0.39874", "0.41697"], ["0.11591", "0.12054", "0.10988", "0.14962", "0.08643", "0.14311", "0.45957", "0.44862", "0.42976", "0.42498", "0.43478", "0.43268", "0.38204", "0.39524", "0.39348", "0.39852", "0.40567", "0.43034", "0.12551", "0.11413", "0.0", "0.39973", "0.44663", "0.40348", "0.34655", "0.36566", "0.39611", "0.13579", "0.12301", "0.11851", "0.45475", "0.40827", "0.42616", "0.0925", "0.06975", "0.1219", "0.11818", "0.18", "0.15478", "0.17577", "0.15375", "0.1363", "0.40906", "0.41334", "0.42093", "0.16054", "0.18423", "0.17667", "0.41252", "0.42266", "0.41837", "0.13975", "0.14357", "0.15558", "0.45126", "0.44684", "0.41935", "0.40536", "0.37504", "0.37678", "0.18357", "0.17831", "0.19567", "0.45849", "0.53233", "0.44063", "0.41601", "0.42517", "0.41826", "0.39934", "0.39366", "0.37714", "0.13402", "0.12683", "0.13468", "0.12971", "0.14954", "0.10105", "0.11633", "0.10862", "0.12179", "0.13496", "0.10172", "0.42923", "0.44603", "0.42441", "0.41915", "0.43981", "0.42268", "0.41241", "0.44883", "0.39513", "0.19492", "0.18433", "0.17043", "0.0938", "0.08327", "0.09899", "0.39795", "0.4163"], ["0.36629", "0.37877", "0.39342", "0.38725", "0.35471", "0.33272", "0.12928", "0.14507", "0.10412", "0.14275", "0.11144", "0.12344", "0.0812", "0.05212", "0.06248", "0.04861", "0.03562", "0.07426", "0.36166", "0.40039", "0.39973", "0.0", "0.08139", "0.03008", "0.16429", "0.09185", "0.1568", "0.36101", "0.36541", "0.36108", "0.1695", "0.029", "0.04727", "0.41029", "0.36262", "0.41651", "0.395", "0.42317", "0.41788", "0.35775", "0.36213", "0.36109", "0.05632", "0.05125", "0.04846", "0.34754", "0.32437", "0.31885", "0.06401", "0.10312", "0.075", "0.37955", "0.39135", "0.38", "0.0833", "0.0997", "0.05712", "0.09081", "0.06879", "0.05583", "0.33924", "0.33676", "0.35031", "0.134", "0.2959", "0.17803", "0.05321", "0.09335", "0.03591", "0.06896", "0.02909", "0.0486", "0.34784", "0.37306", "0.38318", "0.43367", "0.44384", "0.406", "0.41317", "0.39838", "0.34566", "0.35867", "0.36015", "0.0887", "0.12035", "0.09424", "0.07294", "0.15451", "0.09408", "0.04666", "0.08127", "0.04968", "0.39458", "0.3578", "0.3895", "0.36965", "0.37415", "0.40616", "0.07684", "0.12545"], ["0.3925", "0.43081", "0.45703", "0.45539", "0.43157", "0.3769", "0.07574", "0.10446", "0.08799", "0.06223", "0.03075", "0.04252", "0.13354", "0.08642", "0.09794", "0.08597", "0.06887", "0.03564", "0.36973", "0.44771", "0.44663", "0.08139", "0.0", "0.0949", "0.24537", "0.11729", "0.096", "0.43292", "0.43824", "0.42795", "0.08869", "0.058", "0.06348", "0.4796", "0.43238", "0.48634", "0.46202", "0.48773", "0.47283", "0.42586", "0.42239", "0.42715", "0.0949", "0.07163", "0.04168", "0.40822", "0.39599", "0.36903", "0.04212", "0.03995", "0.04226", "0.45172", "0.45676", "0.44233", "0.03037", "0.04484", "0.0648", "0.07811", "0.10194", "0.08477", "0.38276", "0.37824", "0.39801", "0.06167", "0.21571", "0.09665", "0.03805", "0.04356", "0.0533", "0.08173", "0.06831", "0.12997", "0.41328", "0.44024", "0.45515", "0.49646", "0.5156", "0.47307", "0.47522", "0.46152", "0.41115", "0.42139", "0.42587", "0.09539", "0.13366", "0.11032", "0.08305", "0.09393", "0.10725", "0.07731", "0.04145", "0.10698", "0.43104", "0.38757", "0.44773", "0.43793", "0.42794", "0.46943", "0.0708", "0.0703"], ["0.36553", "0.37426", "0.38598", "0.3807", "0.34852", "0.34823", "0.14163", "0.1529", "0.0986", "0.15645", "0.12509", "0.13708", "0.10438", "0.0652", "0.06853", "0.05046", "0.04551", "0.08639", "0.34261", "0.39827", "0.40348", "0.03008", "0.0949", "0.0", "0.1513", "0.10565", "0.17042", "0.35191", "0.35738", "0.35433", "0.18318", "0.03733", "0.04381", "0.40106", "0.35367", "0.40724", "0.38688", "0.41514", "0.41321", "0.35061", "0.35542", "0.35323", "0.0654", "0.05918", "0.06013", "0.34062", "0.31467", "0.30809", "0.07636", "0.11624", "0.08805", "0.37073", "0.38316", "0.37365", "0.09686", "0.11305", "0.06682", "0.09277", "0.07778", "0.06067", "0.34145", "0.34363", "0.35724", "0.14605", "0.30967", "0.19149", "0.067", "0.10709", "0.04198", "0.07978", "0.03973", "0.06446", "0.3409", "0.36514", "0.37328", "0.42604", "0.43391", "0.3986", "0.40648", "0.39217", "0.34117", "0.35171", "0.35225", "0.08148", "0.10971", "0.09098", "0.0696", "0.16771", "0.08866", "0.04615", "0.09502", "0.05205", "0.40114", "0.35478", "0.38305", "0.36331", "0.36866", "0.39851", "0.07717", "0.13909"], ["0.33459", "0.35962", "0.35574", "0.34194", "0.30711", "0.30217", "0.2927", "0.29195", "0.23739", "0.30548", "0.27472", "0.28672", "0.12149", "0.20699", "0.18641", "0.16193", "0.18127", "0.23744", "0.35001", "0.35609", "0.34655", "0.16429", "0.24537", "0.1513", "0.0", "0.25254", "0.32006", "0.32224", "0.32806", "0.32709", "0.33224", "0.1886", "0.18545", "0.3608", "0.36247", "0.37051", "0.37767", "0.39124", "0.38551", "0.32349", "0.32462", "0.32908", "0.15607", "0.17958", "0.21103", "0.32227", "0.29292", "0.29469", "0.22757", "0.26741", "0.23927", "0.34027", "0.34183", "0.3503", "0.24713", "0.26389", "0.18062", "0.16808", "0.16672", "0.16672", "0.30928", "0.30731", "0.3082", "0.29677", "0.45682", "0.34191", "0.21601", "0.25607", "0.19209", "0.16989", "0.17748", "0.11587", "0.33079", "0.33067", "0.32997", "0.36705", "0.37398", "0.35882", "0.34892", "0.35176", "0.31861", "0.33601", "0.31583", "0.22051", "0.26023", "0.24149", "0.20413", "0.31878", "0.1782", "0.16817", "0.24404", "0.13951", "0.35673", "0.35951", "0.35419", "0.37503", "0.36729", "0.37819", "0.20754", "0.28873"], ["0.37174", "0.39896", "0.42249", "0.45237", "0.40922", "0.38013", "0.10789", "0.13012", "0.09334", "0.0946", "0.10566", "0.09192", "0.14562", "0.07118", "0.0764", "0.09868", "0.10418", "0.09234", "0.35465", "0.36596", "0.36566", "0.09185", "0.11729", "0.10565", "0.25254", "0.0", "0.09112", "0.39129", "0.37424", "0.38628", "0.1271", "0.07811", "0.08488", "0.44992", "0.39428", "0.46844", "0.45797", "0.48209", "0.46572", "0.3756", "0.35407", "0.37543", "0.11016", "0.10447", "0.09306", "0.4021", "0.33178", "0.33256", "0.08801", "0.09089", "0.08474", "0.40073", "0.44161", "0.37111", "0.11472", "0.11126", "0.1056", "0.10826", "0.08735", "0.09953", "0.31173", "0.31896", "0.31879", "0.11606", "0.20469", "0.10998", "0.0868", "0.09473", "0.08292", "0.13156", "0.09052", "0.13922", "0.36353", "0.37777", "0.37248", "0.47464", "0.48612", "0.42393", "0.41773", "0.39839", "0.39247", "0.38552", "0.38457", "0.09393", "0.11157", "0.08947", "0.105", "0.10392", "0.12735", "0.09608", "0.09652", "0.1176", "0.37148", "0.36291", "0.40669", "0.41531", "0.38775", "0.44224", "0.08868", "0.0862"], ["0.33681", "0.37228", "0.44461", "0.51947", "0.41497", "0.36835", "0.10518", "0.12302", "0.11674", "0.09016", "0.08887", "0.09215", "0.20814", "0.11511", "0.13385", "0.16162", "0.1442", "0.1126", "0.32572", "0.39722", "0.39611", "0.1568", "0.096", "0.17042", "0.32006", "0.09112", "0.0", "0.43094", "0.3926", "0.41595", "0.09421", "0.13366", "0.13537", "0.48856", "0.39031", "0.51194", "0.51167", "0.54712", "0.52931", "0.38514", "0.37599", "0.40573", "0.1704", "0.14681", "0.11872", "0.46204", "0.35087", "0.34693", "0.10949", "0.10888", "0.10323", "0.43236", "0.48335", "0.39834", "0.09905", "0.10056", "0.13965", "0.152", "0.15352", "0.1601", "0.33224", "0.32757", "0.34774", "0.12632", "0.14752", "0.11571", "0.1041", "0.09101", "0.12856", "0.15701", "0.14305", "0.20526", "0.38822", "0.40684", "0.40609", "0.51872", "0.53355", "0.46724", "0.46092", "0.43991", "0.41576", "0.40572", "0.40364", "0.11645", "0.09888", "0.0986", "0.14874", "0.11216", "0.17683", "0.1526", "0.10023", "0.18251", "0.37979", "0.34952", "0.4207", "0.43712", "0.38021", "0.48612", "0.11252", "0.10754"], ["0.14988", "0.13614", "0.07362", "0.11686", "0.11394", "0.15432", "0.48666", "0.48459", "0.43677", "0.45822", "0.45706", "0.4659", "0.35485", "0.38625", "0.37753", "0.36369", "0.38243", "0.4337", "0.16139", "0.09226", "0.13579", "0.36101", "0.43292", "0.35191", "0.32224", "0.39129", "0.43094", "0.0", "0.05337", "0.03564", "0.48997", "0.38461", "0.37884", "0.08802", "0.0921", "0.09719", "0.0841", "0.14425", "0.11839", "0.06981", "0.06007", "0.03075", "0.36673", "0.38191", "0.40904", "0.06619", "0.08277", "0.08878", "0.42323", "0.45613", "0.43102", "0.0423", "0.05376", "0.0386", "0.43387", "0.45147", "0.37238", "0.35774", "0.35987", "0.37296", "0.09932", "0.10473", "0.0832", "0.49042", "0.56735", "0.47455", "0.40301", "0.43848", "0.38422", "0.37477", "0.37079", "0.33233", "0.04837", "0.05683", "0.0457", "0.09671", "0.11253", "0.04887", "0.05626", "0.05027", "0.04624", "0.04604", "0.06918", "0.41869", "0.45278", "0.43961", "0.42135", "0.47356", "0.40973", "0.3634", "0.42781", "0.34569", "0.0892", "0.14941", "0.0571", "0.08577", "0.09996", "0.0795", "0.39425", "0.44565"], ["0.09651", "0.08549", "0.05991", "0.15468", "0.10842", "0.1036", "0.45993", "0.44394", "0.42995", "0.42432", "0.43192", "0.43163", "0.34727", "0.39188", "0.38227", "0.36959", "0.38753", "0.43091", "0.10871", "0.09729", "0.12301", "0.36541", "0.43824", "0.35738", "0.32806", "0.37424", "0.3926", "0.05337", "0.0", "0.02864", "0.45037", "0.38901", "0.38341", "0.10013", "0.05874", "0.13531", "0.12938", "0.19757", "0.17148", "0.05613", "0.0336", "0.03447", "0.36963", "0.38746", "0.41339", "0.11587", "0.0616", "0.08446", "0.41078", "0.42347", "0.41938", "0.0432", "0.10397", "0.03678", "0.43924", "0.44468", "0.37704", "0.36244", "0.36434", "0.37485", "0.06425", "0.07126", "0.07404", "0.46019", "0.52822", "0.43915", "0.4082", "0.42566", "0.38892", "0.38068", "0.37531", "0.33197", "0.03905", "0.02713", "0.02993", "0.14341", "0.16496", "0.09697", "0.09162", "0.06848", "0.03749", "0.04147", "0.02941", "0.42307", "0.44511", "0.42586", "0.41654", "0.43924", "0.40666", "0.36772", "0.43337", "0.34824", "0.09713", "0.0961", "0.06367", "0.07496", "0.04942", "0.11463", "0.39942", "0.41988"], ["0.12481", "0.1105", "0.06341", "0.12976", "0.1112", "0.12869", "0.48026", "0.46766", "0.43415", "0.44543", "0.45085", "0.45313", "0.34946", "0.38065", "0.3741", "0.36639", "0.38342", "0.43037", "0.13734", "0.10377", "0.11851", "0.36108", "0.42795", "0.35433", "0.32709", "0.38628", "0.41595", "0.03564", "0.02864", "0.0", "0.47433", "0.3822", "0.37585", "0.07984", "0.06657", "0.10677", "0.10131", "0.16926", "0.143", "0.05764", "0.04112", "0.01992", "0.36764", "0.38368", "0.40656", "0.09102", "0.07016", "0.07058", "0.41992", "0.44304", "0.42684", "0.04832", "0.07543", "0.0412", "0.42873", "0.44625", "0.36917", "0.35446", "0.35786", "0.37545", "0.08403", "0.0884", "0.07822", "0.47933", "0.55202", "0.46084", "0.39839", "0.43253", "0.38085", "0.37774", "0.368", "0.33007", "0.02784", "0.0229", "0.0292", "0.11484", "0.13633", "0.06868", "0.06355", "0.05776", "0.03473", "0.02236", "0.0347", "0.41607", "0.44848", "0.43659", "0.42343", "0.46035", "0.40746", "0.36237", "0.42224", "0.34613", "0.09216", "0.12459", "0.06288", "0.06734", "0.07428", "0.09286", "0.38974", "0.43728"], ["0.3911", "0.4298", "0.50212", "0.52843", "0.47164", "0.42817", "0.07542", "0.13416", "0.1109", "0.03929", "0.05812", "0.04619", "0.22128", "0.12639", "0.14636", "0.17462", "0.15743", "0.10523", "0.36872", "0.4559", "0.45475", "0.1695", "0.08869", "0.18318", "0.33224", "0.1271", "0.09421", "0.48997", "0.45037", "0.47433", "0.0", "0.14664", "0.14808", "0.54725", "0.44688", "0.56246", "0.53396", "0.55496", "0.53652", "0.44224", "0.43425", "0.46426", "0.18357", "0.16009", "0.12896", "0.47661", "0.40924", "0.405", "0.11228", "0.07135", "0.09776", "0.49074", "0.52591", "0.45673", "0.08655", "0.07197", "0.15215", "0.16417", "0.16598", "0.17334", "0.39096", "0.38608", "0.40679", "0.06909", "0.12712", "0.06973", "0.11654", "0.07629", "0.14124", "0.17027", "0.15564", "0.21783", "0.44654", "0.46527", "0.46483", "0.56566", "0.59012", "0.52683", "0.5205", "0.49926", "0.47367", "0.46349", "0.46134", "0.1215", "0.13142", "0.10552", "0.16248", "0.09159", "0.19056", "0.16524", "0.08838", "0.19527", "0.43712", "0.38638", "0.47775", "0.49468", "0.43674", "0.53675", "0.12481", "0.05124"], ["0.36703", "0.39732", "0.41512", "0.41014", "0.37913", "0.33739", "0.10472", "0.12438", "0.09854", "0.12004", "0.08855", "0.10046", "0.09045", "0.0462", "0.05847", "0.03791", "0.03392", "0.04976", "0.35948", "0.40914", "0.40827", "0.029", "0.058", "0.03733", "0.1886", "0.07811", "0.13366", "0.38461", "0.38901", "0.3822", "0.14664", "0.0", "0.03593", "0.4335", "0.38565", "0.43975", "0.41731", "0.4454", "0.43657", "0.3795", "0.38314", "0.38321", "0.05479", "0.04945", "0.04245", "0.36877", "0.34796", "0.32935", "0.03946", "0.07891", "0.05072", "0.40288", "0.41373", "0.40145", "0.0601", "0.07586", "0.05917", "0.07231", "0.06989", "0.06408", "0.34534", "0.34181", "0.35862", "0.10948", "0.27352", "0.15437", "0.0325", "0.07117", "0.02712", "0.06587", "0.02844", "0.07275", "0.36965", "0.39581", "0.40688", "0.45551", "0.46753", "0.42876", "0.43418", "0.42001", "0.36778", "0.38031", "0.3824", "0.08679", "0.1226", "0.09478", "0.06441", "0.1304", "0.08675", "0.03872", "0.0593", "0.04932", "0.39795", "0.36644", "0.41021", "0.38829", "0.38688", "0.42804", "0.06391", "0.10246"], ["0.3836", "0.38975", "0.4083", "0.40383", "0.37428", "0.31841", "0.10917", "0.13179", "0.09582", "0.12134", "0.09001", "0.10202", "0.09597", "0.05019", "0.05778", "0.05418", "0.05106", "0.05496", "0.37413", "0.42648", "0.42616", "0.04727", "0.06348", "0.04381", "0.18545", "0.08488", "0.13537", "0.37884", "0.38341", "0.37585", "0.14808", "0.03593", "0.0", "0.42738", "0.37943", "0.43365", "0.41078", "0.43878", "0.42903", "0.37307", "0.37612", "0.37655", "0.05644", "0.05199", "0.04996", "0.3618", "0.34212", "0.32238", "0.05003", "0.08209", "0.05415", "0.39722", "0.40718", "0.39457", "0.06189", "0.07844", "0.0417", "0.08118", "0.07777", "0.07726", "0.36762", "0.36615", "0.38066", "0.11429", "0.27456", "0.15666", "0.03922", "0.07198", "0.03652", "0.06039", "0.0523", "0.06996", "0.36289", "0.38943", "0.40112", "0.44874", "0.46175", "0.42237", "0.42737", "0.41324", "0.36114", "0.37348", "0.37589", "0.09039", "0.12985", "0.10082", "0.07156", "0.13334", "0.08193", "0.05098", "0.05991", "0.0472", "0.4105", "0.37488", "0.40309", "0.38168", "0.38009", "0.42129", "0.06871", "0.10403"], ["0.19085", "0.1673", "0.05713", "0.07779", "0.09786", "0.18435", "0.53391", "0.54097", "0.4856", "0.51666", "0.50255", "0.51339", "0.3864", "0.43228", "0.42571", "0.41329", "0.43195", "0.48198", "0.20657", "0.09135", "0.0925", "0.41029", "0.4796", "0.40106", "0.3608", "0.44992", "0.48856", "0.08802", "0.10013", "0.07984", "0.54725", "0.4335", "0.427