[["0f8531f58ce01ad84e835b397cfb1a54_1", "a05d40ee0474934e6c41807c844609a3_1", "3d30f54d613be0dfa54512b0e12fbeb8_2", "b00da79c6a71f6895203212df6929e5d_2", "e459dee86dea34ba4afbe6f7462e7aa8_3", "f890796f9f202eaa64195f046449b5f8_3", "1539c29ecb903857fc80e3a27c0e1a55_3", "b0d8234c8277ad9551f6ecb657825ddc_1", "47978d5bb9c7fa9e59320aeade1df054_3", "237789c8679b6a7fd1908c141bc1be65_2", "6fbe1c34fdb2c4f8015b38cf5d8863d1_1", "991d1e59d017f0883409895a0fed6cad_1", "c61ade9a7b29571e90a216358437c1a6_2", "e7cb62de310d6fc2b95ca7e6b9bc7dde_3", "d35a7cbf064e2ff681a1c5e83e6d16e2_1", "36474939b9677c26e64f27b3a236d2cd_3", "1f578ef32e268081d70f5fcb3a8dd821_1", "e623d1e2369fc52076602ce119ce59c6_1", "0fc0a254a79248d1647b940cedf00fa7_2", "922121610d6c7e60c4bc29cfb03986e6_3", "e89c707f4e923f608d2ebc196a11e605_2", "17f89f652439753eab231e77e479171d_3", "a90076ca34e9c532fd99a8eb3d3e9f1f_1", "e42f909ce0ea7eb5e406aee91d0f0edd_2", "dec16802db5a315788745712b4b036f4_2", "04dcfd1fb67f56918cd2f14642730480_2", "1bbeb1adfc587bcc54b21c4dace9022d_1", "f4c80f0c05afd3b1f5354c5b9380c828_1", "ed719487e43f3a2e8f6425b81729f84e_2", "84bd2e8d3ff3fc938feb9d1da89f6c76_1", "fffc057f77c35aedcffdd4603f01d98d_3", "e0c47d65ec014b044f2455ae362b6b1f_3", "c1b51e30d6374d1ac0664c23a2ff1015_1", "5df6c4c6321824a567feda8f0daa0e63_2", "8caba615703c458e007da1fa7dc9023e_2", "6fdbd670e75739267d8a1a2e5119a856_2", "526886c43a49d8cf708d12c40208aa06_2", "81d3d754d72576c548445d31ab96655a_3", "94fd40926e88a20ad5dff12c96f5a2de_1", "3de2323162a72d2e583145ba289aa2a7_1", "827d5a3d52de4ba763a120e1c53ab331_3", "e35c539d7cdff4f1fa98c3419b727ad1_1", "94fb1b4ff98e1b88b2f25baecc5b9304_3", "1d70c840744855bd4d3c7fd7221e0c78_3", "2493c9e3e4e30c734c119241e852e2b6_2", "22fb20fd41b7f9b0fcdbcfe61022b1e3_3", "c6bf452f1bbfa5e186f61dfd5dd4815e_3", "e9b9c716be824985c6cdc6104f125101_2", "4c807d7479c8e949c7d9ccdad4738751_3", "08b9e00b40a6486c3e149783ff8bd312_2", "78ba0affabba5da6ee87173f99115041_1", "3d28daad3d543d1e41590b976a534bdf_3", "bd2b1124d767bc0b7caf7dc45ee05f29_1", "3caaa48846c4235410d03f90f54fbe9a_2", "025ca2f4f31372867b7b39cb2d15e5b2_3", "c2bac84e6eb54589d970d44152fa926e_2", "1bde5518b7af587d9499b4742208b9e5_3", "35963686c8d26044f31b37ac67396376_3", "3bc488392b2cf1e31d1a63ef28bbc668_1", "b115f789b737081b29e770b6f8b2e0ae_3", "5695b4b55fc48e3948e25a4d6edc0a59_1", "df012877469520196f8b23509cc6d5b3_3", "55d619f2f0833ceb43f681ccef0026bf_3", "46c42e85ef9cd61eee72664c0f36b3db_3", "6ac17605ff70f0690b9316c404c9b903_3", "09f0da9090108223fd9c03df7c4a87a9_3", "f6025ddb25584eb2f026572453e0cd4f_3", "721329fd0c0d8f5b50bda56147a28d5e_3", "11f41cb971e3a6bce4b52f76b56867f2_3", "8b1c90f774cbc90b65eb0996c98a1ab4_2", "ba59a770e6ee1f52879d8349a1f95ac6_1", "00bff4be0f2c3ee7f4dd7afb596916be_3", "df721261d88e03c5b1194595c0e307f1_2", "f1546371bf86dc712b899166b6fdedef_1", "e6f0cce05eb0ed81b7d05a090e07fbd8_1", "2a0bc08e63b5cea84174d1c666876efa_3", "19640c38149e550307110bc1af2a1806_1", "cd0a02762c90c46219f0885a63efad2c_1", "3b60ca6a00585f12b3256851e8bc72a0_1", "fe97ad432f8a7f176bfefc3bdb8b10a4_2", "42e2794a095ba3499d0a43d3dcabebaf_2", "6e9076f501e4854fb3675630343579a3_3", "b7766677bfa2d6d7e60d916b8b9badf3_1", "eb7b55ca1029f8dd49e3aa60a4976164_3", "4035d68592092a3a3631c08db0a51437_2", "be0722cc600ac95fea0710ecfd147b95_2", "21350fca4299c45903e6203fcd9c0f87_3", "bdce3f51af5938c5228e6e9122455d56_1", "ed9aa46375c551fc54a0ac682d86db67_3", "6c6ba6b3756b9d684b8a7e8f31e372c0_3", "37aeaa4019240e88065efdf966617823_2", "084855ebe47a43a781df104ffedbfc22_2", "6da7380c64e31762e334620082f91c79_2", "75c6ca1dd0024b9923e29dfd9294e892_1", "c92dfe32a9c8490501b9ed12f3b98107_2", "e880f91765a633d22e40078955dec47f_3", "747e6519c6d1dedd92a4cc3030dc0f7b_1", "5ef6c5efd9cf0bdac74ba8d8d52e286d_3", "7512b33e2304c553d30830209a43a123_1", "a6940aadb9320bb81b8c7b2b5eb317a3_3"], ["0.0", "0.48817", "0.48027", "0.10062", "0.09873", "0.55394", "0.07258", "0.55559", "0.08877", "0.09544", "0.58873", "0.07687", "0.13605", "0.08191", "0.07543", "0.56897", "0.35375", "0.55518", "0.49347", "0.48569", "0.07529", "0.50475", "0.47679", "0.49962", "0.514", "0.53584", "0.08765", "0.46148", "0.14343", "0.05316", "0.18081", "0.49174", "0.44272", "0.46155", "0.06239", "0.06089", "0.07939", "0.14093", "0.57696", "0.53703", "0.60837", "0.49337", "0.50247", "0.57328", "0.05262", "0.07696", "0.50955", "0.07314", "0.20815", "0.49936", "0.11367", "0.52361", "0.54237", "0.55788", "0.49636", "0.45057", "0.46133", "0.53705", "0.44668", "0.2006", "0.10454", "0.50336", "0.35173", "0.53771", "0.06681", "0.48002", "0.09704", "0.54534", "0.5389", "0.17672", "0.49881", "0.13584", "0.4482", "0.04695", "0.13053", "0.09851", "0.40313", "0.08893", "0.11187", "0.48441", "0.49426", "0.4965", "0.0657", "0.46358", "0.50729", "0.48988", "0.10467", "0.18314", "0.48418", "0.48478", "0.06375", "0.08243", "0.56018", "0.05729", "0.50899", "0.53918", "0.09747", "0.08102", "0.10063", "0.58636"], ["0.48817", "0.0", "0.03892", "0.40343", "0.43431", "0.15316", "0.42196", "0.18058", "0.43044", "0.41442", "0.18538", "0.44143", "0.43461", "0.43801", "0.42992", "0.12036", "0.20067", "0.15636", "0.07862", "0.02134", "0.48398", "0.06923", "0.08711", "0.05346", "0.15893", "0.09213", "0.49298", "0.06907", "0.3706", "0.47395", "0.34947", "0.05181", "0.05233", "0.04756", "0.45981", "0.43555", "0.44699", "0.37154", "0.11019", "0.15437", "0.23744", "0.10641", "0.04753", "0.11559", "0.46035", "0.45256", "0.1035", "0.52171", "0.36384", "0.12323", "0.41123", "0.07298", "0.08987", "0.08018", "0.09699", "0.0874", "0.03555", "0.11215", "0.05814", "0.52167", "0.38971", "0.07913", "0.28466", "0.20261", "0.45813", "0.04292", "0.4169", "0.09116", "0.08829", "0.35391", "0.03627", "0.4038", "0.07814", "0.45886", "0.3748", "0.39441", "0.10257", "0.45878", "0.54853", "0.10363", "0.03136", "0.06499", "0.47259", "0.07915", "0.13678", "0.06376", "0.43045", "0.35531", "0.0303", "0.05489", "0.46459", "0.42356", "0.10195", "0.49307", "0.10988", "0.06816", "0.40137", "0.49467", "0.41703", "0.15566"], ["0.48027", "0.03892", "0.0", "0.39896", "0.42079", "0.1417", "0.4385", "0.17109", "0.44802", "0.40521", "0.17589", "0.43109", "0.41512", "0.42919", "0.42108", "0.10647", "0.21084", "0.14487", "0.07622", "0.03092", "0.50119", "0.08243", "0.08422", "0.06227", "0.14981", "0.08402", "0.50919", "0.06956", "0.38838", "0.47555", "0.32909", "0.05682", "0.06375", "0.04619", "0.45054", "0.45312", "0.43576", "0.35739", "0.11272", "0.1547", "0.2283", "0.09622", "0.03582", "0.10174", "0.47243", "0.4537", "0.09181", "0.53576", "0.34478", "0.11671", "0.39722", "0.06408", "0.07458", "0.08594", "0.10162", "0.07036", "0.04277", "0.10405", "0.06278", "0.5375", "0.3806", "0.07391", "0.29787", "0.19925", "0.47577", "0.02764", "0.43436", "0.07308", "0.08428", "0.34822", "0.03301", "0.42186", "0.07549", "0.47166", "0.3924", "0.38533", "0.11324", "0.44981", "0.5652", "0.09518", "0.0355", "0.07558", "0.47064", "0.07983", "0.13233", "0.05666", "0.41632", "0.33349", "0.03788", "0.0594", "0.46149", "0.4393", "0.0864", "0.48504", "0.10214", "0.06581", "0.39247", "0.51054", "0.43447", "0.14139"], ["0.10062", "0.40343", "0.39896", "0.0", "0.10949", "0.4713", "0.09182", "0.46993", "0.07094", "0.05615", "0.49982", "0.05765", "0.07435", "0.10712", "0.08317", "0.4799", "0.28277", "0.47089", "0.4113", "0.40061", "0.15698", "0.4224", "0.39172", "0.41377", "0.4722", "0.44838", "0.18531", "0.38997", "0.05844", "0.12572", "0.08379", "0.41018", "0.364", "0.38036", "0.05944", "0.15156", "0.08719", "0.04478", "0.48541", "0.44973", "0.51757", "0.41449", "0.41643", "0.48763", "0.07845", "0.07335", "0.42175", "0.16937", "0.11063", "0.41658", "0.09002", "0.44543", "0.4517", "0.46768", "0.41153", "0.37064", "0.37804", "0.45673", "0.36962", "0.29326", "0.05478", "0.4161", "0.30948", "0.46327", "0.13144", "0.39487", "0.06371", "0.46061", "0.45311", "0.11153", "0.41387", "0.06695", "0.37545", "0.08246", "0.06196", "0.03688", "0.33348", "0.06826", "0.20785", "0.40517", "0.41099", "0.4135", "0.09475", "0.39273", "0.43128", "0.40369", "0.05387", "0.08556", "0.40405", "0.40573", "0.08553", "0.07773", "0.47572", "0.11045", "0.42273", "0.45522", "0.02368", "0.17476", "0.10101", "0.49609"], ["0.09873", "0.43431", "0.42079", "0.10949", "0.0", "0.49176", "0.10087", "0.48997", "0.09452", "0.0982", "0.51768", "0.06561", "0.08223", "0.09872", "0.05834", "0.49753", "0.30867", "0.49104", "0.43232", "0.43354", "0.16505", "0.46403", "0.41388", "0.43466", "0.5012", "0.47493", "0.18484", "0.47318", "0.14796", "0.13729", "0.12182", "0.43011", "0.44431", "0.40221", "0.05773", "0.15355", "0.05004", "0.10471", "0.50067", "0.52079", "0.53338", "0.43664", "0.4365", "0.50656", "0.0725", "0.05908", "0.44077", "0.17184", "0.11552", "0.4402", "0.10653", "0.4678", "0.46765", "0.49881", "0.46269", "0.44157", "0.42842", "0.47818", "0.43636", "0.29906", "0.11078", "0.43446", "0.34161", "0.48673", "0.13939", "0.41575", "0.1047", "0.48018", "0.47208", "0.1788", "0.43347", "0.1487", "0.39973", "0.08082", "0.13995", "0.095", "0.41215", "0.07601", "0.21054", "0.46757", "0.43339", "0.43723", "0.08794", "0.43541", "0.45548", "0.42342", "0.07711", "0.15224", "0.43132", "0.44782", "0.09201", "0.092", "0.49529", "0.09614", "0.46847", "0.4756", "0.09136", "0.17943", "0.11479", "0.51219"], ["0.55394", "0.15316", "0.1417", "0.4713", "0.49176", "0.0", "0.53376", "0.04686", "0.52917", "0.47731", "0.05804", "0.50326", "0.48368", "0.50289", "0.49385", "0.04169", "0.26555", "0.0333", "0.09563", "0.15491", "0.58014", "0.14352", "0.21348", "0.14921", "0.10298", "0.09722", "0.62993", "0.20711", "0.47376", "0.54709", "0.39817", "0.15851", "0.20486", "0.17366", "0.52299", "0.57707", "0.5076", "0.42866", "0.07006", "0.10334", "0.09023", "0.08282", "0.13768", "0.04523", "0.54583", "0.52525", "0.06342", "0.6081", "0.39693", "0.07447", "0.46811", "0.11142", "0.07392", "0.07842", "0.14546", "0.19575", "0.18031", "0.06251", "0.20446", "0.66887", "0.45394", "0.08221", "0.43763", "0.10012", "0.5628", "0.11556", "0.50826", "0.10596", "0.08347", "0.42177", "0.11891", "0.51359", "0.13308", "0.5452", "0.47509", "0.45875", "0.25482", "0.52341", "0.63894", "0.16844", "0.12292", "0.12975", "0.54423", "0.21564", "0.11077", "0.09141", "0.48705", "0.40188", "0.16641", "0.16864", "0.53518", "0.51301", "0.0668", "0.55866", "0.13125", "0.11634", "0.46538", "0.60541", "0.52579", "0.06414"], ["0.07258", "0.42196", "0.4385", "0.09182", "0.10087", "0.53376", "0.0", "0.53643", "0.07612", "0.09155", "0.57099", "0.07948", "0.13954", "0.10919", "0.07312", "0.54016", "0.33189", "0.53604", "0.47329", "0.4193", "0.09505", "0.43984", "0.42584", "0.43641", "0.48769", "0.51187", "0.09918", "0.40754", "0.07667", "0.05578", "0.17117", "0.42768", "0.38024", "0.40308", "0.07099", "0.06376", "0.08417", "0.13132", "0.53014", "0.46969", "0.59177", "0.47224", "0.43744", "0.53545", "0.05832", "0.08752", "0.49205", "0.10079", "0.20153", "0.48208", "0.11075", "0.47954", "0.5116", "0.489", "0.43013", "0.38681", "0.39574", "0.51643", "0.38616", "0.20146", "0.092", "0.48378", "0.32019", "0.5154", "0.043", "0.46189", "0.03284", "0.50894", "0.50386", "0.11356", "0.45034", "0.09991", "0.42576", "0.06682", "0.06563", "0.0854", "0.34872", "0.0576", "0.12684", "0.42123", "0.44799", "0.46875", "0.09646", "0.40929", "0.48646", "0.4719", "0.10615", "0.17467", "0.42046", "0.42172", "0.04758", "0.02268", "0.52377", "0.09022", "0.44209", "0.482", "0.08838", "0.08363", "0.0377", "0.56964"], ["0.55559", "0.18058", "0.17109", "0.46993", "0.48997", "0.04686", "0.53643", "0.0", "0.53008", "0.47566", "0.07426", "0.5016", "0.48035", "0.50537", "0.4929", "0.07699", "0.25165", "0.05645", "0.11085", "0.18193", "0.58528", "0.1736", "0.24651", "0.17953", "0.06699", "0.13255", "0.63376", "0.23853", "0.47615", "0.5517", "0.39742", "0.18855", "0.23287", "0.20087", "0.52156", "0.5961", "0.50583", "0.4269", "0.10562", "0.13213", "0.0779", "0.10122", "0.1657", "0.08018", "0.54582", "0.52349", "0.08071", "0.61229", "0.42585", "0.10147", "0.4663", "0.14441", "0.10798", "0.10471", "0.17334", "0.22366", "0.20708", "0.0793", "0.23328", "0.68846", "0.45389", "0.10393", "0.46305", "0.0956", "0.56694", "0.14622", "0.51011", "0.14133", "0.1173", "0.42497", "0.14486", "0.51486", "0.15171", "0.54594", "0.47777", "0.45902", "0.2831", "0.52459", "0.64424", "0.19871", "0.14972", "0.1478", "0.54524", "0.24756", "0.08414", "0.11697", "0.4851", "0.40464", "0.19626", "0.19903", "0.5372", "0.5157", "0.10186", "0.55983", "0.15885", "0.15009", "0.4647", "0.61032", "0.52962", "0.06307"], ["0.08877", "0.43044", "0.44802", "0.07094", "0.09452", "0.52917", "0.07612", "0.53008", "0.0", "0.07091", "0.5624", "0.05076", "0.11089", "0.06736", "0.06901", "0.54266", "0.33077", "0.52998", "0.46875", "0.4275", "0.09258", "0.45028", "0.45135", "0.44773", "0.48374", "0.50989", "0.1158", "0.42955", "0.10474", "0.07041", "0.15266", "0.43967", "0.39553", "0.41326", "0.06541", "0.08241", "0.07196", "0.11282", "0.53757", "0.47505", "0.58151", "0.46944", "0.44515", "0.53921", "0.05924", "0.07398", "0.48321", "0.10394", "0.18003", "0.4732", "0.08594", "0.48933", "0.51567", "0.49087", "0.43841", "0.4127", "0.406", "0.51283", "0.42119", "0.22664", "0.0817", "0.47737", "0.36575", "0.51495", "0.07581", "0.45395", "0.0571", "0.51995", "0.51115", "0.15317", "0.45464", "0.06937", "0.42569", "0.04804", "0.09139", "0.07681", "0.38282", "0.09542", "0.13916", "0.43493", "0.45331", "0.47092", "0.07287", "0.43517", "0.48352", "0.46419", "0.07833", "0.15494", "0.43314", "0.43563", "0.05474", "0.0654", "0.53017", "0.10153", "0.44882", "0.49309", "0.07033", "0.10711", "0.07849", "0.55978"], ["0.09544", "0.41442", "0.40521", "0.05615", "0.0982", "0.47731", "0.09155", "0.47566", "0.07091", "0.0", "0.50533", "0.04837", "0.0649", "0.10347", "0.07619", "0.48523", "0.28971", "0.47685", "0.41738", "0.41137", "0.15679", "0.43502", "0.39756", "0.41981", "0.47948", "0.45525", "0.18308", "0.41151", "0.0684", "0.12636", "0.08768", "0.41608", "0.38158", "0.38654", "0.06606", "0.14982", "0.07491", "0.05366", "0.49037", "0.45893", "0.52266", "0.42082", "0.42235", "0.49335", "0.07442", "0.06863", "0.42742", "0.1678", "0.11277", "0.42317", "0.07246", "0.4518", "0.4568", "0.47836", "0.42219", "0.38698", "0.39116", "0.46294", "0.38808", "0.29272", "0.06035", "0.42169", "0.31618", "0.46984", "0.13113", "0.40096", "0.0644", "0.46646", "0.45883", "0.11738", "0.4197", "0.07537", "0.38215", "0.07942", "0.07165", "0.05888", "0.3564", "0.06573", "0.20643", "0.42097", "0.41698", "0.41978", "0.08914", "0.41485", "0.43796", "0.4094", "0.06366", "0.08881", "0.41792", "0.42168", "0.08452", "0.07882", "0.48157", "0.09511", "0.43223", "0.46122", "0.0474", "0.17375", "0.10214", "0.50124"], ["0.58873", "0.18538", "0.17589", "0.49982", "0.51768", "0.05804", "0.57099", "0.07426", "0.5624", "0.50533", "0.0", "0.53119", "0.50378", "0.53984", "0.52304", "0.08128", "0.26164", "0.04243", "0.11742", "0.18673", "0.62372", "0.17839", "0.25119", "0.18431", "0.10536", "0.13685", "0.66242", "0.2433", "0.51065", "0.58937", "0.42132", "0.19335", "0.23767", "0.20567", "0.55129", "0.60059", "0.53484", "0.45585", "0.10979", "0.13694", "0.05247", "0.13837", "0.1705", "0.08456", "0.57682", "0.5518", "0.08544", "0.64855", "0.41223", "0.08975", "0.4942", "0.14908", "0.11252", "0.10951", "0.17814", "0.22846", "0.21187", "0.07365", "0.23809", "0.69292", "0.4854", "0.10865", "0.46779", "0.09835", "0.60352", "0.151", "0.54375", "0.14562", "0.12188", "0.46136", "0.14965", "0.53128", "0.18922", "0.57793", "0.51264", "0.49091", "0.28791", "0.55727", "0.68254", "0.2035", "0.15452", "0.15254", "0.57761", "0.25231", "0.10493", "0.12176", "0.5124", "0.42346", "0.20106", "0.20382", "0.57093", "0.55037", "0.10623", "0.59233", "0.16365", "0.15469", "0.49529", "0.64807", "0.5659", "0.06596"], ["0.07687", "0.44143", "0.43109", "0.05765", "0.06561", "0.50326", "0.07948", "0.5016", "0.05076", "0.04837", "0.53119", "0.0", "0.06021", "0.10325", "0.05379", "0.51106", "0.31451", "0.5028", "0.44332", "0.44267", "0.14327", "0.47606", "0.42352", "0.44576", "0.50085", "0.4798", "0.16337", "0.44708", "0.08762", "0.11613", "0.11239", "0.44204", "0.41964", "0.41245", "0.04391", "0.13173", "0.03987", "0.07536", "0.51586", "0.502", "0.54825", "0.44664", "0.44831", "0.51929", "0.05161", "0.04785", "0.45334", "0.15001", "0.1347", "0.44872", "0.04759", "0.47759", "0.48241", "0.50943", "0.46441", "0.42571", "0.43174", "0.48884", "0.42561", "0.27713", "0.06299", "0.44759", "0.35518", "0.49542", "0.11764", "0.4269", "0.0576", "0.49241", "0.48477", "0.11997", "0.44566", "0.08963", "0.40752", "0.05914", "0.0833", "0.05576", "0.38773", "0.06404", "0.18872", "0.46011", "0.44294", "0.44562", "0.09067", "0.44307", "0.46337", "0.43534", "0.05963", "0.11273", "0.44386", "0.45509", "0.0703", "0.07221", "0.50753", "0.0829", "0.47512", "0.48718", "0.05489", "0.1575", "0.09443", "0.52688"], ["0.13605", "0.43461", "0.41512", "0.07435", "0.08223", "0.48368", "0.13954", "0.48035", "0.11089", "0.0649", "0.50378", "0.06021", "0.0", "0.12362", "0.06774", "0.4843", "0.33688", "0.48128", "0.42513", "0.42917", "0.20345", "0.4491", "0.41007", "0.42959", "0.51336", "0.47894", "0.22051", "0.42489", "0.11614", "0.17599", "0.09898", "0.42016", "0.40073", "0.39639", "0.07419", "0.1905", "0.05669", "0.07505", "0.4837", "0.48774", "0.51647", "0.43876", "0.42655", "0.49439", "0.10801", "0.06312", "0.43149", "0.20881", "0.09266", "0.43682", "0.08736", "0.46178", "0.45908", "0.49369", "0.44921", "0.40758", "0.41546", "0.47208", "0.40597", "0.33664", "0.08131", "0.43168", "0.34102", "0.48336", "0.17785", "0.40829", "0.11563", "0.4698", "0.46079", "0.16752", "0.42378", "0.08523", "0.39802", "0.11771", "0.12084", "0.08484", "0.36436", "0.11606", "0.24736", "0.44209", "0.43065", "0.43494", "0.121", "0.42513", "0.45467", "0.41702", "0.0505", "0.09061", "0.42513", "0.44263", "0.13051", "0.1304", "0.48419", "0.13252", "0.46059", "0.46727", "0.07116", "0.21704", "0.15335", "0.49578"], ["0.08191", "0.43801", "0.42919", "0.10712", "0.09872", "0.50289", "0.10919", "0.50537", "0.06736", "0.10347", "0.53984", "0.10325", "0.12362", "0.0", "0.05965", "0.52004", "0.36807", "0.50494", "0.44241", "0.43905", "0.09143", "0.47777", "0.42655", "0.44987", "0.46391", "0.4863", "0.13011", "0.44336", "0.14997", "0.1188", "0.15062", "0.4454", "0.41873", "0.41034", "0.06803", "0.09463", "0.07892", "0.10989", "0.52972", "0.50564", "0.56066", "0.44166", "0.45249", "0.52304", "0.07933", "0.10565", "0.4609", "0.11042", "0.17521", "0.45095", "0.10983", "0.47219", "0.49432", "0.51282", "0.4513", "0.42558", "0.43344", "0.4856", "0.42396", "0.22769", "0.10877", "0.45432", "0.34508", "0.4854", "0.08698", "0.43074", "0.08484", "0.49512", "0.48877", "0.21797", "0.44891", "0.12251", "0.39584", "0.11271", "0.14853", "0.12563", "0.38325", "0.16267", "0.147", "0.46009", "0.44348", "0.44646", "0.06522", "0.43037", "0.45569", "0.44074", "0.08988", "0.14736", "0.45101", "0.44644", "0.09933", "0.10408", "0.5096", "0.07675", "0.47852", "0.48881", "0.11406", "0.1125", "0.10686", "0.53857"], ["0.07543", "0.42992", "0.42108", "0.08317", "0.05834", "0.49385", "0.07312", "0.4929", "0.06901", "0.07619", "0.52304", "0.05379", "0.06774", "0.05965", "0.0", "0.50327", "0.33084", "0.49359", "0.43373", "0.43198", "0.13814", "0.47041", "0.41457", "0.4363", "0.4869", "0.47156", "0.16304", "0.46666", "0.12234", "0.10889", "0.10732", "0.43291", "0.44232", "0.40262", "0.0347", "0.12996", "0.03974", "0.07751", "0.50898", "0.53066", "0.54108", "0.43641", "0.43942", "0.51061", "0.05479", "0.05504", "0.44482", "0.14801", "0.13286", "0.43774", "0.08062", "0.46723", "0.4752", "0.49982", "0.45457", "0.4402", "0.4271", "0.47892", "0.43465", "0.27357", "0.08302", "0.43923", "0.33866", "0.48449", "0.11241", "0.41731", "0.0771", "0.48344", "0.47609", "0.16803", "0.43671", "0.12069", "0.39623", "0.06131", "0.11408", "0.07469", "0.40622", "0.11397", "0.18669", "0.46964", "0.4336", "0.43565", "0.06096", "0.43169", "0.45237", "0.42669", "0.06575", "0.12683", "0.43511", "0.4442", "0.06532", "0.06332", "0.49854", "0.07502", "0.47026", "0.47779", "0.06544", "0.15431", "0.08568", "0.51957"], ["0.56897", "0.12036", "0.10647", "0.4799", "0.49753", "0.04169", "0.54016", "0.07699", "0.54266", "0.48523", "0.08128", "0.51106", "0.4843", "0.52004", "0.50327", "0.0", "0.26404", "0.04436", "0.09714", "0.12259", "0.59951", "0.12652", "0.1731", "0.11615", "0.09714", "0.07341", "0.61188", "0.16841", "0.48429", "0.56878", "0.40116", "0.12203", "0.17021", "0.14059", "0.53116", "0.55056", "0.5147", "0.43572", "0.05322", "0.0708", "0.13173", "0.11789", "0.10454", "0.02894", "0.55713", "0.53166", "0.06424", "0.62861", "0.39344", "0.08247", "0.47406", "0.08229", "0.05982", "0.05959", "0.11226", "0.16134", "0.14765", "0.07371", "0.1688", "0.64123", "0.46568", "0.07486", "0.40433", "0.13378", "0.57416", "0.08963", "0.52397", "0.11075", "0.06183", "0.44103", "0.08984", "0.49755", "0.16912", "0.5582", "0.48877", "0.47117", "0.2193", "0.53752", "0.66183", "0.13149", "0.09228", "0.12302", "0.55786", "0.17636", "0.10432", "0.0793", "0.49225", "0.40342", "0.13003", "0.13156", "0.55115", "0.53057", "0.04051", "0.57258", "0.09898", "0.07835", "0.47561", "0.61417", "0.53138", "0.05625"], ["0.35375", "0.20067", "0.21084", "0.28277", "0.30867", "0.26555", "0.33189", "0.25165", "0.33077", "0.28971", "0.26164", "0.31451", "0.33688", "0.36807", "0.33084", "0.26404", "0.0", "0.25826", "0.18683", "0.20343", "0.37596", "0.20633", "0.19135", "0.17784", "0.23032", "0.21577", "0.40647", "0.19572", "0.27299", "0.34316", "0.24436", "0.17785", "0.1732", "0.20929", "0.33246", "0.34452", "0.3203", "0.26979", "0.26395", "0.30864", "0.30406", "0.24362", "0.20403", "0.25884", "0.3497", "0.33881", "0.20618", "0.40434", "0.26902", "0.30898", "0.30871", "0.23382", "0.22276", "0.24102", "0.23972", "0.27137", "0.19884", "0.301", "0.25028", "0.43686", "0.30306", "0.19047", "0.22235", "0.27943", "0.35912", "0.21062", "0.30814", "0.21781", "0.28478", "0.22014", "0.21402", "0.30631", "0.15561", "0.34702", "0.27375", "0.27111", "0.18644", "0.32452", "0.43469", "0.29581", "0.20963", "0.18098", "0.35098", "0.22587", "0.19408", "0.20836", "0.30943", "0.25759", "0.17528", "0.23735", "0.33444", "0.31128", "0.23216", "0.35939", "0.30196", "0.21175", "0.2742", "0.40129", "0.32238", "0.27139"], ["0.55518", "0.15636", "0.14487", "0.47089", "0.49104", "0.0333", "0.53604", "0.05645", "0.52998", "0.47685", "0.04243", "0.5028", "0.48128", "0.50494", "0.49359", "0.04436", "0.25826", "0.0", "0.09406", "0.15811", "0.58556", "0.14668", "0.21645", "0.15236", "0.09004", "0.09981", "0.63365", "0.2102", "0.47571", "0.55185", "0.39617", "0.16167", "0.20806", "0.17686", "0.52258", "0.58017", "0.50706", "0.42807", "0.07251", "0.10653", "0.08742", "0.09813", "0.14087", "0.04801", "0.54613", "0.52465", "0.06622", "0.61229", "0.39993", "0.06213", "0.46738", "0.11443", "0.07684", "0.08161", "0.14866", "0.19894", "0.18351", "0.05427", "0.20763", "0.672", "0.45417", "0.08529", "0.44083", "0.09947", "0.56695", "0.11871", "0.5096", "0.10853", "0.08642", "0.42481", "0.12211", "0.51588", "0.14996", "0.54592", "0.47742", "0.45916", "0.258", "0.52437", "0.64454", "0.17159", "0.12612", "0.11923", "0.54511", "0.2187", "0.10344", "0.09459", "0.48612", "0.39948", "0.16957", "0.17179", "0.53663", "0.51532", "0.06951", "0.55963", "0.13445", "0.11927", "0.46526", "0.61052", "0.52955", "0.05287"], ["0.49347", "0.07862", "0.07622", "0.4113", "0.43232", "0.09563", "0.47329", "0.11085", "0.46875", "0.41738", "0.11742", "0.44332", "0.42513", "0.44241", "0.43373", "0.09714", "0.18683", "0.09406", "0.0", "0.07893", "0.52062", "0.08096", "0.1603", "0.08698", "0.11385", "0.09212", "0.54889", "0.14508", "0.41329", "0.48729", "0.33927", "0.09383", "0.12951", "0.09714", "0.46297", "0.48695", "0.44776", "0.36902", "0.11309", "0.1511", "0.16441", "0.13398", "0.07217", "0.08436", "0.48552", "0.46552", "0.05278", "0.54812", "0.34446", "0.13698", "0.40867", "0.07804", "0.08484", "0.08601", "0.08792", "0.12043", "0.10224", "0.12032", "0.1318", "0.57922", "0.39366", "0.05597", "0.35428", "0.14272", "0.50278", "0.0624", "0.44779", "0.0982", "0.10122", "0.36132", "0.04351", "0.42323", "0.0793", "0.4848", "0.41462", "0.39842", "0.17906", "0.46297", "0.57953", "0.11529", "0.04992", "0.06876", "0.4838", "0.15569", "0.05854", "0.04582", "0.42763", "0.34334", "0.10008", "0.1045", "0.4747", "0.45254", "0.08048", "0.49821", "0.12325", "0.09784", "0.40522", "0.54578", "0.46239", "0.12122"], ["0.48569", "0.02134", "0.03092", "0.40061", "0.43354", "0.15491", "0.4193", "0.18193", "0.4275", "0.41137", "0.18673", "0.44267", "0.42917", "0.43905", "0.43198", "0.12259", "0.20343", "0.15811", "0.07893", "0.0", "0.48114", "0.07502", "0.08852", "0.05481", "0.16024", "0.09517", "0.49039", "0.06891", "0.36764", "0.47121", "0.34388", "0.03287", "0.05121", "0.04186", "0.4599", "0.43261", "0.44771", "0.37017", "0.1109", "0.15344", "0.23869", "0.11224", "0.05182", "0.11782", "0.45748", "0.45008", "0.10536", "0.51899", "0.35436", "0.12122", "0.41005", "0.06201", "0.0924", "0.0773", "0.08844", "0.07541", "0.0261", "0.11336", "0.06968", "0.51918", "0.39134", "0.07994", "0.28278", "0.20283", "0.45517", "0.04567", "0.41399", "0.09429", "0.08457", "0.35086", "0.03725", "0.40056", "0.0826", "0.45625", "0.37185", "0.39587", "0.10139", "0.45966", "0.54583", "0.10231", "0.03222", "0.06859", "0.4699", "0.08001", "0.13728", "0.06499", "0.42921", "0.34991", "0.03231", "0.05087", "0.46182", "0.42078", "0.10452", "0.4905", "0.10953", "0.08358", "0.40332", "0.49217", "0.41413", "0.15793"], ["0.07529", "0.48398", "0.50119", "0.15698", "0.16505", "0.58014", "0.09505", "0.58528", "0.09258", "0.15679", "0.62372", "0.14327", "0.20345", "0.09143", "0.13814", "0.59951", "0.37596", "0.58556", "0.52062", "0.48114", "0.0", "0.50307", "0.48826", "0.50012", "0.5296", "0.56909", "0.05624", "0.47065", "0.1397", "0.10869", "0.23457", "0.49171", "0.44473", "0.46602", "0.13147", "0.05153", "0.14708", "0.19512", "0.59184", "0.52997", "0.64608", "0.51641", "0.49905", "0.59489", "0.10074", "0.14674", "0.54462", "0.06272", "0.26606", "0.53535", "0.17597", "0.54251", "0.57262", "0.54718", "0.49206", "0.45139", "0.4587", "0.56451", "0.4502", "0.13653", "0.15496", "0.53719", "0.36757", "0.55559", "0.07763", "0.51357", "0.09367", "0.57298", "0.56541", "0.20562", "0.5099", "0.16056", "0.4664", "0.09889", "0.13468", "0.14821", "0.41118", "0.15117", "0.11381", "0.48591", "0.50818", "0.52941", "0.08421", "0.472", "0.53516", "0.52384", "0.17058", "0.23862", "0.48479", "0.48647", "0.08967", "0.0888", "0.58483", "0.07697", "0.50313", "0.54571", "0.15294", "0.05376", "0.0963", "0.6241"], ["0.50475", "0.06923", "0.08243", "0.4224", "0.46403", "0.14352", "0.43984", "0.1736", "0.45028", "0.43502", "0.17839", "0.47606", "0.4491", "0.47777", "0.47041", "0.12652", "0.20633", "0.14668", "0.08096", "0.07502", "0.50307", "0.0", "0.08089", "0.06617", "0.15249", "0.09222", "0.51028", "0.0729", "0.3911", "0.49229", "0.36745", "0.09865", "0.06499", "0.09478", "0.48154", "0.45537", "0.48154", "0.40276", "0.09127", "0.15441", "0.23085", "0.1201", "0.06292", "0.1211", "0.47964", "0.46951", "0.09374", "0.53991", "0.35721", "0.17274", "0.44067", "0.11956", "0.08333", "0.1171", "0.13772", "0.14907", "0.08176", "0.17592", "0.12435", "0.53859", "0.42437", "0.07806", "0.29737", "0.20346", "0.4781", "0.07299", "0.4365", "0.09968", "0.15715", "0.37454", "0.08093", "0.42591", "0.13595", "0.47637", "0.39471", "0.4384", "0.11201", "0.4861", "0.56661", "0.15611", "0.06822", "0.05326", "0.4906", "0.10707", "0.1364", "0.07494", "0.45466", "0.36927", "0.05465", "0.1097", "0.48321", "0.44232", "0.09867", "0.51024", "0.16348", "0.07881", "0.43972", "0.5114", "0.43659", "0.14189"], ["0.47679", "0.08711", "0.08422", "0.39172", "0.41388", "0.21348", "0.42584", "0.24651", "0.45135", "0.39756", "0.25119", "0.42352", "0.41007", "0.42655", "0.41457", "0.1731", "0.19135", "0.21645", "0.1603", "0.08852", "0.48826", "0.08089", "0.0", "0.08773", "0.22648", "0.1221", "0.49239", "0.0844", "0.39213", "0.47313", "0.36375", "0.08827", "0.08827", "0.08594", "0.4434", "0.45157", "0.42783", "0.37712", "0.14902", "0.17673", "0.30332", "0.15697", "0.09415", "0.16892", "0.46726", "0.44607", "0.16592", "0.51908", "0.383", "0.1666", "0.40587", "0.10216", "0.1397", "0.14782", "0.11272", "0.10273", "0.09123", "0.18372", "0.09018", "0.5105", "0.39475", "0.15705", "0.25349", "0.28228", "0.4677", "0.10251", "0.42439", "0.11503", "0.13008", "0.34621", "0.11718", "0.42785", "0.12574", "0.45873", "0.38911", "0.38251", "0.08201", "0.44583", "0.54227", "0.13222", "0.11066", "0.09939", "0.4665", "0.08938", "0.21507", "0.13918", "0.41403", "0.36621", "0.07652", "0.08034", "0.45839", "0.43196", "0.14847", "0.48107", "0.13819", "0.09737", "0.38628", "0.48402", "0.42993", "0.20373"], ["0.49962", "0.05346", "0.06227", "0.41377", "0.43466", "0.14921", "0.43641", "0.17953", "0.44773", "0.41981", "0.18431", "0.44576", "0.42959", "0.44987", "0.4363", "0.11615", "0.17784", "0.15236", "0.08698", "0.05481", "0.50012", "0.06617", "0.08773", "0.0", "0.15847", "0.07545", "0.50661", "0.0597", "0.38905", "0.48902", "0.34837", "0.06779", "0.05864", "0.06474", "0.46546", "0.45281", "0.45013", "0.3714", "0.09561", "0.13471", "0.23678", "0.11193", "0.06297", "0.11106", "0.4768", "0.46574", "0.09951", "0.53657", "0.38036", "0.16443", "0.411", "0.0899", "0.07971", "0.09636", "0.09836", "0.12519", "0.05476", "0.15494", "0.10357", "0.53492", "0.39735", "0.0842", "0.29253", "0.20961", "0.47561", "0.0659", "0.43382", "0.07289", "0.13718", "0.37001", "0.06729", "0.4255", "0.10179", "0.47289", "0.39221", "0.40259", "0.10682", "0.46845", "0.56323", "0.15061", "0.06749", "0.03436", "0.4872", "0.08063", "0.14256", "0.06665", "0.42993", "0.35627", "0.03825", "0.08908", "0.48007", "0.43924", "0.09109", "0.50365", "0.15711", "0.04562", "0.40794", "0.50754", "0.43403", "0.14691"], ["0.514", "0.15893", "0.14981", "0.4722", "0.5012", "0.10298", "0.48769", "0.06699", "0.48374", "0.47948", "0.10536", "0.50085", "0.51336", "0.46391", "0.4869", "0.09714", "0.23032", "0.09004", "0.11385", "0.16024", "0.5296", "0.15249", "0.22648", "0.15847", "0.0", "0.11568", "0.58013", "0.21773", "0.43816", "0.49691", "0.43622", "0.16739", "0.21124", "0.17918", "0.51519", "0.54548", "0.50778", "0.44577", "0.10369", "0.14451", "0.12965", "0.07559", "0.14416", "0.0914", "0.52194", "0.52575", "0.1201", "0.5581", "0.44506", "0.14245", "0.47037", "0.12469", "0.08946", "0.08312", "0.15176", "0.20203", "0.18535", "0.13437", "0.21179", "0.64714", "0.44697", "0.09431", "0.44122", "0.102", "0.51289", "0.12723", "0.47398", "0.12452", "0.12087", "0.39407", "0.12312", "0.50358", "0.14251", "0.50914", "0.43971", "0.44805", "0.26149", "0.49256", "0.58824", "0.1776", "0.12806", "0.12734", "0.51146", "0.22695", "0.10834", "0.11676", "0.49457", "0.44385", "0.17503", "0.17794", "0.49365", "0.47035", "0.08479", "0.52233", "0.13727", "0.13091", "0.46148", "0.55497", "0.47616", "0.11143"], ["0.53584", "0.09213", "0.08402", "0.44838", "0.47493", "0.09722", "0.51187", "0.13255", "0.50989", "0.45525", "0.13685", "0.4798", "0.47894", "0.4863", "0.47156", "0.07341", "0.21577", "0.09981", "0.09212", "0.09517", "0.56909", "0.09222", "0.1221", "0.07545", "0.11568", "0.0", "0.58197", "0.12197", "0.45708", "0.53488", "0.39515", "0.08431", "0.13323", "0.10932", "0.49987", "0.52748", "0.48552", "0.4139", "0.05412", "0.09532", "0.18692", "0.08541", "0.09246", "0.06891", "0.52499", "0.50404", "0.07046", "0.59445", "0.40766", "0.13096", "0.4527", "0.05764", "0.03413", "0.065", "0.08924", "0.12543", "0.11663", "0.10647", "0.12965", "0.61027", "0.43323", "0.081", "0.36498", "0.18496", "0.54929", "0.08185", "0.49059", "0.04334", "0.08859", "0.40697", "0.07664", "0.49239", "0.13644", "0.52559", "0.45891", "0.43854", "0.17858", "0.50458", "0.628", "0.1106", "0.07488", "0.06297", "0.52508", "0.12821", "0.12247", "0.0687", "0.4717", "0.40153", "0.09178", "0.09128", "0.51775", "0.49675", "0.03919", "0.53974", "0.1189", "0.06112", "0.4436", "0.58271", "0.50879", "0.08213"], ["0.08765", "0.49298", "0.50919", "0.18531", "0.18484", "0.62993", "0.09918", "0.63376", "0.1158", "0.18308", "0.66242", "0.16337", "0.22051", "0.13011", "0.16304", "0.61188", "0.40647", "0.63365", "0.54889", "0.49039", "0.05624", "0.51028", "0.49239", "0.50661", "0.58013", "0.58197", "0.0", "0.47513", "0.15903", "0.09971", "0.26799", "0.49766", "0.44898", "0.47377", "0.14649", "0.06263", "0.1648", "0.22801", "0.60103", "0.54124", "0.69071", "0.56716", "0.50857", "0.60715", "0.11261", "0.15815", "0.59061", "0.05949", "0.29581", "0.58085", "0.20115", "0.54999", "0.58279", "0.56121", "0.50117", "0.45655", "0.46645", "0.59165", "0.45425", "0.12185", "0.19015", "0.55668", "0.34508", "0.6079", "0.0755", "0.53581", "0.12794", "0.5786", "0.57486", "0.20884", "0.52216", "0.17291", "0.51488", "0.10431", "0.15681", "0.18375", "0.41539", "0.14591", "0.08303", "0.49071", "0.51961", "0.53943", "0.10214", "0.47625", "0.58287", "0.54819", "0.19094", "0.2706", "0.49024", "0.49113", "0.10151", "0.1194", "0.59492", "0.08876", "0.51343", "0.55202", "0.18448", "0.04638", "0.10418", "0.64725"], ["0.46148", "0.06907", "0.06956", "0.38997", "0.47318", "0.20711", "0.40754", "0.23853", "0.42955", "0.41151", "0.2433", "0.44708", "0.42489", "0.44336", "0.46666", "0.16841", "0.19572", "0.2102", "0.14508", "0.06891", "0.47065", "0.0729", "0.0844", "0.0597", "0.21773", "0.12197", "0.47513", "0.0", "0.37131", "0.45806", "0.38143", "0.05158", "0.07571", "0.08265", "0.4472", "0.4316", "0.45864", "0.39838", "0.14712", "0.12635", "0.29575", "0.15087", "0.07808", "0.16394", "0.45029", "0.43556", "0.158", "0.50359", "0.38322", "0.16437", "0.44961", "0.09658", "0.13478", "0.13627", "0.0806", "0.11919", "0.06768", "0.17298", "0.09478", "0.4972", "0.3978", "0.14345", "0.24479", "0.26869", "0.44981", "0.09235", "0.40646", "0.11617", "0.12841", "0.35469", "0.10158", "0.42059", "0.12413", "0.44008", "0.36791", "0.42222", "0.06403", "0.45486", "0.52813", "0.14968", "0.09523", "0.091", "0.45233", "0.06836", "0.20187", "0.12618", "0.41379", "0.38573", "0.04879", "0.08637", "0.44773", "0.4132", "0.14489", "0.4712", "0.15562", "0.09401", "0.4103", "0.46989", "0.41076", "0.20113"], ["0.14343", "0.3706", "0.38838", "0.05844", "0.14796", "0.47376", "0.07667", "0.47615", "0.10474", "0.0684", "0.51065", "0.08762", "0.11614", "0.14997", "0.12234", "0.48429", "0.27299", "0.47571", "0.41329", "0.36764", "0.1397", "0.3911", "0.39213", "0.38905", "0.43816", "0.45708", "0.15903", "0.37131", "0.0", "0.11069", "0.11931", "0.38147", "0.33924", "0.35438", "0.10487", "0.12355", "0.12678", "0.08179", "0.47757", "0.41511", "0.53169", "0.41275", "0.38523", "0.47969", "0.09534", "0.11755", "0.43175", "0.15886", "0.1533", "0.42187", "0.10653", "0.42952", "0.45794", "0.43176", "0.37854", "0.35483", "0.34727", "0.45654", "0.3462", "0.25254", "0.0789", "0.42513", "0.29366", "0.45696", "0.09469", "0.40153", "0.06847", "0.4614", "0.45115", "0.07005", "0.39486", "0.10185", "0.36748", "0.10292", "0.02438", "0.06292", "0.31651", "0.1088", "0.18638", "0.37732", "0.39334", "0.41723", "0.13667", "0.37482", "0.42664", "0.41156", "0.10432", "0.12448", "0.37532", "0.37809", "0.10473", "0.06195", "0.47013", "0.15448", "0.38884", "0.43386", "0.06791", "0.14596", "0.0577", "0.50961"], ["0.05316", "0.47395", "0.47555", "0.12572", "0.13729", "0.54709", "0.05578", "0.5517", "0.07041", "0.12636", "0.58937", "0.11613", "0.17599", "0.1188", "0.10889", "0.56878", "0.34316", "0.55185", "0.48729", "0.47121", "0.10869", "0.49229", "0.47313", "0.48902", "0.49691", "0.53488", "0.09971", "0.45806", "0.11069", "0.0", "0.20096", "0.48036", "0.43288", "0.45444", "0.10766", "0.06311", "0.12098", "0.16187", "0.5814", "0.52106", "0.61162", "0.48384", "0.48929", "0.56924", "0.0817", "0.12404", "0.51029", "0.06928", "0.23323", "0.50101", "0.14558", "0.51578", "0.54444", "0.5395", "0.48209", "0.43958", "0.44804", "0.53089", "0.43836", "0.16986", "0.12146", "0.50307", "0.33026", "0.52411", "0.04882", "0.47918", "0.06825", "0.54159", "0.53537", "0.14179", "0.4971", "0.13668", "0.43453", "0.06864", "0.10354", "0.11469", "0.39778", "0.06478", "0.09318", "0.47404", "0.48917", "0.49515", "0.10361", "0.45863", "0.50132", "0.48968", "0.14239", "0.20533", "0.4732", "0.47458", "0.04726", "0.05239", "0.55504", "0.09453", "0.49372", "0.53463", "0.12059", "0.07667", "0.07103", "0.58955"], ["0.18081", "0.34947", "0.32909", "0.08379", "0.12182", "0.39817", "0.17117", "0.39742", "0.15266", "0.08768", "0.42132", "0.11239", "0.09898", "0.15062", "0.10732", "0.40116", "0.24436", "0.39617", "0.33927", "0.34388", "0.23457", "0.36745", "0.36375", "0.34837", "0.43622", "0.39515", "0.26799", "0.38143", "0.11931", "0.20096", "0.0", "0.33517", "0.35045", "0.31651", "0.13259", "0.23351", "0.11493", "0.04269", "0.40401", "0.42645", "0.4367", "0.36462", "0.34167", "0.41074", "0.16204", "0.131", "0.34543", "0.25083", "0.08813", "0.36963", "0.10058", "0.37581", "0.37317", "0.40764", "0.39759", "0.35068", "0.34558", "0.3861", "0.35872", "0.3708", "0.07961", "0.347", "0.30056", "0.39967", "0.20995", "0.32256", "0.14177", "0.38508", "0.3765", "0.09851", "0.33871", "0.12065", "0.31226", "0.16619", "0.1235", "0.08636", "0.31972", "0.14939", "0.28874", "0.37308", "0.34509", "0.34899", "0.16722", "0.35232", "0.36899", "0.33092", "0.09122", "0.03797", "0.33905", "0.36535", "0.16681", "0.15354", "0.39992", "0.18172", "0.37556", "0.38164", "0.08352", "0.25476", "0.17527", "0.41551"], ["0.49174", "0.05181", "0.05682", "0.41018", "0.43011", "0.15851", "0.42768", "0.18855", "0.43967", "0.41608", "0.19335", "0.44204", "0.42016", "0.4454", "0.43291", "0.12203", "0.17785", "0.16167", "0.09383", "0.03287", "0.49171", "0.09865", "0.08827", "0.06779", "0.16739", "0.08431", "0.49766", "0.05158", "0.38147", "0.48036", "0.33517", "0.0", "0.04929", "0.06456", "0.46187", "0.44485", "0.44623", "0.36721", "0.10499", "0.14136", "0.2458", "0.10344", "0.04879", "0.11735", "0.46856", "0.45672", "0.10875", "0.52785", "0.3598", "0.13299", "0.40646", "0.07693", "0.08921", "0.08772", "0.09368", "0.10472", "0.03444", "0.13128", "0.07988", "0.52597", "0.39346", "0.09187", "0.28306", "0.21715", "0.46761", "0.05479", "0.42564", "0.08132", "0.11266", "0.36527", "0.05036", "0.41978", "0.08941", "0.46426", "0.38421", "0.39862", "0.09731", "0.46431", "0.55447", "0.11904", "0.04391", "0.07054", "0.47843", "0.06312", "0.15029", "0.07674", "0.42517", "0.33837", "0.04401", "0.07254", "0.47149", "0.43073", "0.10057", "0.49755", "0.12543", "0.11206", "0.40455", "0.49848", "0.42598", "0.15642"], ["0.44272", "0.05233", "0.06375", "0.364", "0.44431", "0.20486", "0.38024", "0.23287", "0.39553", "0.38158", "0.23767", "0.41964", "0.40073", "0.41873", "0.44232", "0.17021", "0.1732", "0.20806", "0.12951", "0.05121", "0.44473", "0.06499", "0.08827", "0.05864", "0.21124", "0.13323", "0.44898", "0.07571", "0.33924", "0.43288", "0.35045", "0.04929", "0.0", "0.05202", "0.42269", "0.40072", "0.43786", "0.37238", "0.15425", "0.15756", "0.28976", "0.15126", "0.0673", "0.16548", "0.42283", "0.40928", "0.15501", "0.47982", "0.3556", "0.15226", "0.42065", "0.1022", "0.13798", "0.12816", "0.09995", "0.10379", "0.03482", "0.16448", "0.07832", "0.47727", "0.36876", "0.13112", "0.23418", "0.25281", "0.42217", "0.0909", "0.3796", "0.12962", "0.12909", "0.32302", "0.08846", "0.38467", "0.09205", "0.41655", "0.33898", "0.39255", "0.05025", "0.42806", "0.50631", "0.12991", "0.08322", "0.0928", "0.43028", "0.06655", "0.18804", "0.11608", "0.39322", "0.35452", "0.04154", "0.06604", "0.42396", "0.3846", "0.14957", "0.44879", "0.13605", "0.10328", "0.38263", "0.44951", "0.38112", "0.20503"], ["0.46155", "0.04756", "0.04619", "0.38036", "0.40221", "0.17366", "0.40308", "0.20087", "0.41326", "0.38654", "0.20567", "0.41245", "0.39639", "0.41034", "0.40262", "0.14059", "0.20929", "0.17686", "0.09714", "0.04186", "0.46602", "0.09478", "0.08594", "0.06474", "0.17918", "0.10932", "0.47377", "0.08265", "0.35438